%YAML:1.0
---
camera_matrix: !!opencv-matrix
   rows: 3
   cols: 3
   dt: d
   data: [ 4.7156111704521203e+02, 0., 3.1679028617213123e+02, 0.,
       4.7181986320219750e+02, 2.4247156924454228e+02, 0., 0., 1. ]
dist_coeff: !!opencv-matrix
   rows: 1
   cols: 5
   dt: d
   data: [ -2.6022998514790330e-02, 7.7683651218405968e-03,
       3.3628167875722313e-04, -8.0088708276910973e-04,
       -5.5018889707534255e-02 ]
