%YAML:1.0
---
camera_matrix: !!opencv-matrix
   rows: 3
   cols: 3
   dt: d
   data: [ 6.1081945731501810e+02, 0., 3.2438855780065046e+02, 0.,
       6.1123532027427530e+02, 2.4421637686473193e+02, 0., 0., 1. ]
dist_coeff: !!opencv-matrix
   rows: 1
   cols: 5
   dt: d
   data: [ 8.2878471707460927e-04, 1.1465850684230159e+00,
       -1.2719630378040610e-03, -4.9430835621392237e-05,
       -4.6805072784260098e+00 ]
