%YAML:1.0
---
camera_matrix: !!opencv-matrix
   rows: 3
   cols: 3
   dt: d
   data: [ 9.0048665242047082e+02, 0., 6.4542715949605747e+02, 0.,
       9.0168838384075138e+02, 3.6841087780823847e+02, 0., 0., 1. ]
dist_coeff: !!opencv-matrix
   rows: 1
   cols: 5
   dt: d
   data: [ 1.3893981346694864e-01, -4.0811509675921276e-01,
       -1.1575820765446475e-03, 1.2199466892023538e-03,
       3.1934986249644515e-01 ]
