[[ 0.98232717 -0.15267995 -0.10826896]
 [ 0.14708089  0.98742327 -0.05798699]
 [ 0.11576074  0.0410379   0.99242901]]
[[ 0.98198816 -0.15334902 -0.11037817]
 [ 0.14779616  0.98738013 -0.05689263]
 [ 0.11770964  0.03955442  0.99225999]]
[[ 0.98118445 -0.15317708 -0.11753237]
 [ 0.14752571  0.98750457 -0.05541563]
 [ 0.12455216  0.03703391  0.99152168]]
[[ 0.98143134 -0.15406256 -0.11426835]
 [ 0.14866265  0.98738984 -0.05441246]
 [ 0.12121033  0.03641466  0.99195868]]
[[ 0.98098523 -0.15411798 -0.1179645 ]
 [ 0.14859593  0.98740558 -0.05430907]
 [ 0.12484881  0.03574735  0.99153159]]
[[ 0.98170697 -0.15339951 -0.11278309]
 [ 0.14829464  0.98755464 -0.05238827]
 [ 0.1194158   0.0347048   0.99223759]]
[[ 0.98123458 -0.15377571 -0.11632598]
 [ 0.14834171  0.9874573  -0.05406303]
 [ 0.12318052  0.03579252  0.9917386 ]]
[[ 0.98131409 -0.15259727 -0.11720379]
 [ 0.14680293  0.98754367 -0.05662517]
 [ 0.12438471  0.03836122  0.99149224]]
[[ 0.98136257 -0.15245567 -0.11698191]
 [ 0.14644236  0.98749184 -0.05843364]
 [ 0.12442722  0.04021348  0.99141351]]
[[ 0.98160459 -0.15258648 -0.11475977]
 [ 0.14678444  0.98749796 -0.05746399]
 [ 0.12209326  0.03956197  0.99172985]]
[[ 0.98211014 -0.15364267 -0.10887421]
 [ 0.1483822   0.98740377 -0.05492287]
 [ 0.1159413   0.03778531  0.99253709]]
[[ 0.98185572 -0.15224279 -0.11305518]
 [ 0.14690183  0.98766463 -0.05420731]
 [ 0.11991327  0.03661574  0.99210891]]
[[ 0.98087376 -0.15385178 -0.11923209]
 [ 0.14830337  0.98745876 -0.05414148]
 [ 0.12606653  0.03542344  0.99138913]]
[[ 0.98185545 -0.15191931 -0.11349187]
 [ 0.14599453  0.98753301 -0.05885711]
 [ 0.1210185   0.04121998  0.99179405]]
[[ 0.98089677 -0.15326005 -0.11980352]
 [ 0.14724873  0.98742286 -0.0575665 ]
 [ 0.12711938  0.03882588  0.99112724]]
[[ 0.98194037 -0.15256703 -0.11187677]
 [ 0.1469077   0.98749245 -0.05724323]
 [ 0.11921089  0.03977388  0.99207197]]
[[ 0.98280729 -0.15286735 -0.10354425]
 [ 0.14785364  0.98750515 -0.05452408]
 [ 0.11058543  0.03827727  0.99312925]]
[[ 0.98122763 -0.15358171 -0.11664043]
 [ 0.14860278  0.987617   -0.05029778]
 [ 0.12292089  0.03202049  0.99189977]]
[[ 0.98212784 -0.15269856 -0.11003662]
 [ 0.14744836  0.98757176 -0.05441505]
 [ 0.11697816  0.03721782  0.99243687]]
[[ 0.98063749 -0.15344336 -0.12167682]
 [ 0.14713413  0.98733751 -0.05929753]
 [ 0.1292349   0.04024657  0.99079693]]
[[ 0.98174384 -0.15093028 -0.11575443]
 [ 0.14545677  0.98786751 -0.05440684]
 [ 0.12256168  0.03657632  0.99178667]]
[[ 0.98173518 -0.15265296 -0.11354787]
 [ 0.14680933  0.98745069 -0.05820791]
 [ 0.12100853  0.04047486  0.99182595]]
[[ 0.98146545 -0.1540029  -0.1140556 ]
 [ 0.14845401  0.98734976 -0.05569427]
 [ 0.12118984  0.03772999  0.99191203]]
[[ 0.9809461  -0.15324384 -0.11941973]
 [ 0.14702474  0.98735322 -0.05930723]
 [ 0.12699792  0.04061954  0.99107093]]
[[ 0.98099886 -0.15389608 -0.1181407 ]
 [ 0.14801443  0.98733581 -0.05709396]
 [ 0.12543108  0.03852258  0.99135415]]
[[ 0.9803804  -0.1537486  -0.12335168]
 [ 0.14757862  0.98736337 -0.05774186]
 [ 0.13067066  0.03840491  0.99068171]]
[[ 0.98192499 -0.1530512  -0.11134922]
 [ 0.14798675  0.98759718 -0.05245696]
 [ 0.11799678  0.03503059  0.9923959 ]]
[[ 0.98079532 -0.15233546 -0.12179677]
 [ 0.14637041  0.98761159 -0.05656022]
 [ 0.12890403  0.03764655  0.99094222]]
[[ 0.98190277 -0.1536253  -0.110753  ]
 [ 0.1485099   0.98748459 -0.05309411]
 [ 0.11752348  0.03568534  0.99242873]]
[[ 0.98134562 -0.15349178 -0.1157629 ]
 [ 0.14792406  0.98745174 -0.05529493]
 [ 0.12279759  0.03713932  0.99173657]]
[[ 0.98064361 -0.15377038 -0.12121376]
 [ 0.14800127  0.98744015 -0.05529528]
 [ 0.12819411  0.03628517  0.99108509]]
[[ 0.98166099 -0.15342293 -0.11315081]
 [ 0.14781093  0.98740205 -0.05647231]
 [ 0.12038949  0.03871173  0.99197166]]
[[ 0.9804674  -0.15221307 -0.12455862]
 [ 0.14630551  0.98769095 -0.05532883]
 [ 0.1314472   0.0360245   0.9906684 ]]
[[ 0.98113331 -0.15292824 -0.11828097]
 [ 0.14682311  0.98741568 -0.0587643 ]
 [ 0.12577921  0.04028923  0.99123981]]
[[ 0.98204047 -0.15427723 -0.10860499]
 [ 0.14920025  0.98736051 -0.05346493]
 [ 0.1154807   0.03630083  0.99264619]]
[[ 0.98104567 -0.15318149 -0.11867953]
 [ 0.14709537  0.98739086 -0.05849987]
 [ 0.12614418  0.03993383  0.99120782]]
[[ 0.98278822 -0.15293456 -0.10362594]
 [ 0.14823694  0.98760186 -0.05165638]
 [ 0.11024122  0.03540608  0.99327402]]
[[ 0.98285157 -0.15357259 -0.10206983]
 [ 0.14875922  0.98743864 -0.05325057]
 [ 0.10896553  0.03715358  0.99335096]]
[[ 0.98265451 -0.15166483 -0.10671402]
 [ 0.14637115  0.98765199 -0.05584834]
 [ 0.11386654  0.03925976  0.99272004]]
[[ 0.98341946 -0.15050477 -0.10116563]
 [ 0.14492412  0.98759388 -0.06045924]
 [ 0.10900996  0.04479545  0.99303081]]
[[ 0.98208889 -0.15231754 -0.11090885]
 [ 0.14603222  0.98728503 -0.06279216]
 [ 0.119063    0.04547122  0.99184493]]
[[ 0.98275517 -0.14872615 -0.10987635]
 [ 0.14342012  0.98814602 -0.05475505]
 [ 0.11671739  0.03805233  0.99243593]]
[[ 0.98362117 -0.14559508 -0.10626134]
 [ 0.1399725   0.98841867 -0.05861943]
 [ 0.11356539  0.04278565  0.99260883]]
[[ 0.9845226  -0.14401633 -0.09987268]
 [ 0.13982574  0.98902181 -0.04779775]
 [ 0.10565991  0.03309319  0.99385151]]
[[ 0.98296612 -0.14684712 -0.11051484]
 [ 0.14047068  0.98804848 -0.06346802]
 [ 0.11851411  0.04686282  0.9918459 ]]
[[ 0.98377056 -0.14399562 -0.10705485]
 [ 0.13835906  0.98866034 -0.05837374]
 [ 0.11424645  0.04261436  0.99253804]]
[[ 0.98376074 -0.143389   -0.10795552]
 [ 0.13727842  0.98858454 -0.06209066]
 [ 0.11562627  0.04626239  0.99221487]]
[[ 0.98497896 -0.13970079 -0.10148954]
 [ 0.13455578  0.98932697 -0.05591853]
 [ 0.1082182   0.04142257  0.99326381]]
[[ 0.98373488 -0.14018456 -0.11231195]
 [ 0.13347102  0.98890217 -0.06525323]
 [ 0.12021303  0.04920149  0.99152813]]
[[ 0.98432259 -0.13873675 -0.10890893]
 [ 0.1333356   0.98951933 -0.05543574]
 [ 0.11545847  0.04004521  0.99250477]]
[[ 0.98507961 -0.13411513 -0.10784846]
 [ 0.127326    0.9895561  -0.06757815]
 [ 0.11578535  0.05283794  0.99186789]]
[[ 0.98696281 -0.12968369 -0.09532339]
 [ 0.12403956  0.99027853 -0.06294933]
 [ 0.10256021  0.05030478  0.99345399]]
[[ 0.98593736 -0.12725972 -0.10831658]
 [ 0.12033277  0.99038304 -0.06827483]
 [ 0.11596354  0.05428067  0.99176916]]
[[ 0.98608274 -0.12416146 -0.11056566]
 [ 0.11769677  0.99103535 -0.06321712]
 [ 0.11742361  0.04932409  0.99185625]]
[[ 0.98577883 -0.12221358 -0.11534271]
 [ 0.11535353  0.99123405 -0.06440976]
 [ 0.12220336  0.05018859  0.99123531]]
[[ 0.98690308 -0.11894416 -0.10897066]
 [ 0.11255233  0.99164268 -0.06306161]
 [ 0.11556077  0.0499708   0.99204265]]
[[ 0.98664939 -0.11235782 -0.11789276]
 [ 0.10486298  0.9921607  -0.06797719]
 [ 0.12460633  0.05470706  0.99069693]]
[[ 0.98833475 -0.10876871 -0.1066011 ]
 [ 0.10117881  0.99209685 -0.07420712]
 [ 0.11383003  0.06255571  0.99152887]]
[[ 0.98842848 -0.10292495 -0.11142526]
 [ 0.09491711  0.99266009 -0.07494456]
 [ 0.11832107  0.06350117  0.99094285]]
[[ 0.98827346 -0.09435503 -0.12005292]
 [ 0.08611101  0.99367264 -0.07210809]
 [ 0.12609706  0.06092464  0.9901453 ]]
[[ 0.98981351 -0.09010923 -0.11022495]
 [ 0.08304592  0.99428524 -0.06708378]
 [ 0.11563991  0.0572467   0.99164017]]
[[ 0.98861884 -0.08187814 -0.12620921]
 [ 0.07395039  0.99505718 -0.06627631]
 [ 0.13101196  0.05618879  0.98978719]]
[[ 0.98813473 -0.07667136 -0.13308368]
 [ 0.06726659  0.9950029  -0.07378642]
 [ 0.13807595  0.06395884  0.98835434]]
[[ 0.98746287 -0.06967119 -0.14164396]
 [ 0.06086369  0.99598844 -0.06559451]
 [ 0.14564579  0.05615117  0.98774205]]
[[ 0.98987607 -0.06597914 -0.12566669]
 [ 0.05896067  0.99652842 -0.05877716]
 [ 0.12910849  0.05077271  0.99032981]]
[[ 0.98938488 -0.05815856 -0.13317337]
 [ 0.04984374  0.99664336 -0.06494316]
 [ 0.13650335  0.05761592  0.98896271]]
[[ 0.988719   -0.05373922 -0.13980997]
 [ 0.04587361  0.99721    -0.0588883 ]
 [ 0.14258451  0.05181039  0.98842569]]
[[ 0.9891845  -0.0482762  -0.13850426]
 [ 0.03942178  0.99704215 -0.06597624]
 [ 0.14127967  0.05980259  0.98816178]]
[[ 0.9888149  -0.04181735 -0.14316567]
 [ 0.03300834  0.99744455 -0.06336258]
 [ 0.14544947  0.0579282   0.98766835]]
[[ 0.98692642 -0.03307669 -0.15774084]
 [ 0.02471581  0.99819829 -0.05467452]
 [ 0.15926509  0.05006104  0.98596578]]
[[ 0.98827443 -0.02887143 -0.14993366]
 [ 0.02005484  0.99799773 -0.05998613]
 [ 0.15136533  0.05627586  0.98687464]]
[[ 0.98735161 -0.025023   -0.15655878]
 [ 0.01765595  0.9986782  -0.04827131]
 [ 0.15755973  0.04489656  0.98648833]]
[[ 0.98665411 -0.02312136 -0.16118022]
 [ 0.01539597  0.99867935 -0.04901545]
 [ 0.16210066  0.04587977  0.98570707]]
[[ 0.98643634 -0.02389003 -0.16239649]
 [ 0.01843988  0.99921768 -0.03498576]
 [ 0.16310526  0.03151665  0.98610515]]
[[ 0.98578171 -0.02728914 -0.16580026]
 [ 0.01960691  0.99866467 -0.04779586]
 [ 0.16688317  0.04386546  0.98500042]]
[[ 0.9853227  -0.0293099  -0.16816693]
 [ 0.02373866  0.99910376 -0.03504491]
 [ 0.16904337  0.03053848  0.98513539]]
[[ 0.98488039 -0.03048361 -0.17053258]
 [ 0.02424879  0.99896335 -0.03852549]
 [ 0.1715302   0.03380779  0.98459861]]
[[ 0.98639295 -0.03044781 -0.16156078]
 [ 0.02492479  0.99903719 -0.03610318]
 [ 0.16250449  0.03158505  0.98620215]]
[[ 0.98531134 -0.03126099 -0.16788183]
 [ 0.02373226  0.99862857 -0.04666643]
 [ 0.16911043  0.04199675  0.98470195]]
[[ 0.98745701 -0.02960994 -0.15508678]
 [ 0.02420395  0.99903569 -0.03663127]
 [ 0.15602188  0.03241809  0.98722147]]
[[ 0.98581421 -0.03211974 -0.16473817]
 [ 0.02519162  0.99871501 -0.04397406]
 [ 0.16593892  0.03920023  0.98535659]]
[[ 0.98776391 -0.03106573 -0.1528312 ]
 [ 0.02553633  0.99895098 -0.03801109]
 [ 0.15385172  0.03364324  0.98752103]]
[[ 0.9868882  -0.03263116 -0.1580724 ]
 [ 0.02608061  0.99871993 -0.04333929]
 [ 0.15928427  0.03864841  0.98647596]]
[[ 0.98709357 -0.03042839 -0.15722722]
 [ 0.02450079  0.99891903 -0.03950284]
 [ 0.15825927  0.03514081  0.98677207]]
[[ 0.98450867 -0.03150887 -0.1724815 ]
 [ 0.02457659  0.99880767 -0.04218097]
 [ 0.17360492  0.03728852  0.98410919]]
[[ 0.98662408 -0.0312935  -0.15998013]
 [ 0.02489015  0.99881279 -0.04187473]
 [ 0.16110061  0.03733269  0.98623165]]
[[ 0.98679972 -0.03057604 -0.15903273]
 [ 0.024165    0.99882147 -0.04209187]
 [ 0.16013231  0.03769322  0.98637562]]
[[ 0.98555911 -0.03291394 -0.16610209]
 [ 0.02764867  0.99904227 -0.03391297]
 [ 0.16705922  0.02883074  0.98552524]]
[[ 0.98666095 -0.03163855 -0.15968459]
 [ 0.02526535  0.99880711 -0.04178531]
 [ 0.16081613  0.03719345  0.98628334]]
[[ 0.98606695 -0.03155986 -0.1633277 ]
 [ 0.02467517  0.99872625 -0.04401143]
 [ 0.16450865  0.03936808  0.9855897 ]]
[[ 0.98580865 -0.0313661  -0.16491654]
 [ 0.02454749  0.99876383 -0.04322304]
 [ 0.16606841  0.03856136  0.98535999]]
[[ 0.98642961 -0.03095646 -0.16123994]
 [ 0.02517395  0.99896881 -0.03778353]
 [ 0.16224331  0.03321175  0.98619171]]
[[ 0.98638056 -0.03098488 -0.16153426]
 [ 0.02502478  0.99893351 -0.03880218]
 [ 0.16256427  0.03423135  0.98610399]]
[[ 0.98785759 -0.03265398 -0.15189171]
 [ 0.02564698  0.99852452 -0.04786463]
 [ 0.15323056  0.04338787  0.9872375 ]]
[[ 0.9864679  -0.0329566  -0.16060805]
 [ 0.02578067  0.99858271 -0.04656109]
 [ 0.16191492  0.04179044  0.98591943]]
[[ 0.98717582 -0.03176945 -0.15644361]
 [ 0.02630195  0.99897291 -0.03689614]
 [ 0.15745509  0.03230821  0.9869975 ]]
[[ 0.98594952 -0.03371407 -0.16360595]
 [ 0.02691485  0.99868648 -0.04359927]
 [ 0.16486096  0.03858325  0.98556187]]
[[ 0.9868222  -0.03233667 -0.15854429]
 [ 0.02674706  0.99894743 -0.03726425]
 [ 0.15958241  0.03253259  0.98664841]]
[[ 0.98643094 -0.03365117 -0.16069103]
 [ 0.0286826   0.99903904 -0.03314076]
 [ 0.16165184  0.02808203  0.98644822]]
[[ 0.98530849 -0.03766429 -0.16657903]
 [ 0.03166178  0.99875513 -0.03854496]
 [ 0.16782343  0.03270449  0.98527443]]
[[ 0.98734111 -0.04254284 -0.15279934]
 [ 0.03838373  0.99881059 -0.03006823]
 [ 0.15389678  0.02382259  0.98779971]]
[[ 0.98694437 -0.04710734 -0.15401856]
 [ 0.0435615   0.99870403 -0.02631837]
 [ 0.15505875  0.01926549  0.98771738]]
[[ 0.98722996 -0.05286339 -0.15027467]
 [ 0.05035416  0.9985219  -0.02045668]
 [ 0.15113396  0.0126285   0.98843262]]
[[ 0.98783061 -0.06333982 -0.14205195]
 [ 0.06151802  0.99795803 -0.01718457]
 [ 0.14285035  0.00823669  0.98971003]]
[[ 0.98376734 -0.15391547 -0.0922597 ]
 [ 0.14647735  0.98575676 -0.08263174]
 [ 0.10366392  0.06777645  0.99230043]]
[[ 0.98180392 -0.16560891 -0.09292341]
 [ 0.15724553  0.98334723 -0.0911157 ]
 [ 0.10646555  0.07484596  0.99149542]]
[[ 0.98070179 -0.17400247 -0.08914668]
 [ 0.16605671  0.98200477 -0.08995445]
 [ 0.10319477  0.07341509  0.99194812]]
[[ 0.97983962 -0.18313147 -0.07985732]
 [ 0.17363579  0.97830615 -0.11299417]
 [ 0.09881769  0.09685007  0.9903813 ]]
[[ 0.97888698 -0.18888856 -0.07811135]
 [ 0.17976479  0.97744412 -0.1108495 ]
 [ 0.09728769  0.09446746  0.99076284]]
[[ 0.97690023 -0.19425111 -0.08906433]
 [ 0.18161466  0.97433355 -0.13300466]
 [ 0.11261467  0.11375689  0.98710552]]
[[ 0.97662458 -0.1974432  -0.08497419]
 [ 0.18592894  0.9743227  -0.12698707]
 [ 0.10786501  0.10821953  0.9882579 ]]
[[ 0.97579426 -0.19897226 -0.09075018]
 [ 0.18556504  0.9729149  -0.1378485 ]
 [ 0.11572023  0.11767172  0.98628708]]
[[ 0.9762006  -0.19825694 -0.08790089]
 [ 0.18565159  0.97346158 -0.13381348]
 [ 0.11209759  0.11430986  0.98710049]]
[[ 0.97675727 -0.1966927  -0.08518925]
 [ 0.18467449  0.97397853 -0.13138173]
 [ 0.10881433  0.11259578  0.98766474]]
[[ 0.97755202 -0.19723755 -0.07409052]
 [ 0.18689623  0.97410206 -0.12725952]
 [ 0.09727208  0.11055556  0.98909838]]
[[ 0.97692325 -0.1969489  -0.08265653]
 [ 0.1848537   0.97348322 -0.13475728]
 [ 0.10700504  0.11636815  0.98742512]]
[[ 0.97671538 -0.19811817 -0.08231803]
 [ 0.18655547  0.97378628 -0.13014356]
 [ 0.10594397  0.11175633  0.98807206]]
[[ 0.97684074 -0.19669477 -0.08422195]
 [ 0.18454406  0.97370174 -0.13359798]
 [ 0.10828508  0.11496129  0.98745038]]
[[ 0.97666869 -0.19622947 -0.08724833]
 [ 0.18381676  0.97394516 -0.13282406]
 [ 0.11103908  0.11368739  0.987292  ]]
[[ 0.97797839 -0.19340033 -0.07845111]
 [ 0.18221889  0.97451303 -0.13084586]
 [ 0.10175726  0.11366915  0.98829388]]
[[ 0.97834157 -0.1911937  -0.0793268 ]
 [ 0.17910107  0.97400614 -0.13868977]
 [ 0.1037814   0.12147845  0.98715369]]
[[ 0.97916783 -0.18613294 -0.08114728]
 [ 0.17423836  0.97541639 -0.1349217 ]
 [ 0.10426576  0.11797203  0.98752785]]
[[ 0.98048994 -0.18441502 -0.06804837]
 [ 0.17389945  0.97517239 -0.13710506]
 [ 0.09164312  0.12259656  0.98821638]]
[[ 0.9806398  -0.18109998 -0.07448747]
 [ 0.17010951  0.97626448 -0.13405377]
 [ 0.0969966   0.11878743  0.98817064]]
[[ 0.98082933 -0.17792648 -0.07947322]
 [ 0.16503174  0.97530579 -0.14677581]
 [ 0.103626    0.13084642  0.98597204]]
[[ 0.98164432 -0.17159743 -0.08323915]
 [ 0.15804908  0.97619455 -0.14854189]
 [ 0.10674701  0.13265943  0.98539665]]
[[ 0.98279184 -0.16708136 -0.07876563]
 [ 0.15437713  0.97709921 -0.14644056]
 [ 0.10142932  0.13176098  0.98607867]]
[[ 0.98317839 -0.16130247 -0.08568409]
 [ 0.14700652  0.97724994 -0.15287784]
 [ 0.10839434  0.13771007  0.98452354]]
[[ 0.98551984 -0.15276432 -0.07357787]
 [ 0.13987293  0.97772552 -0.1564876 ]
 [ 0.09584468  0.14393008  0.98493549]]
[[ 0.98626762 -0.14484857 -0.07934144]
 [ 0.13055487  0.97801451 -0.1626132 ]
 [ 0.10115137  0.15002173  0.98349473]]
[[ 0.98649992 -0.13279923 -0.09582417]
 [ 0.11600888  0.97970834 -0.1634427 ]
 [ 0.1155848   0.15011976  0.98188809]]
[[ 0.98806975 -0.10687209 -0.11088971]
 [ 0.08952119  0.98445378 -0.15111822]
 [ 0.12531612  0.13938836  0.98227631]]
[[ 0.98946849 -0.04856456 -0.13635832]
 [ 0.03024912  0.99061248 -0.13331132]
 [ 0.14155246  0.12778263  0.98164887]]
[[ 0.99001823 -0.0279871  -0.13813263]
 [ 0.01054701  0.99204927 -0.12540738]
 [ 0.14054416  0.12269871  0.98244204]]
[[ 0.98746542 -0.01282928 -0.15731321]
 [-0.00635834  0.99264863 -0.12086464]
 [ 0.15770735  0.1203499   0.98012463]]
[[ 0.98629095 -0.00620725 -0.16489888]
 [-0.01448292  0.99217984 -0.12397341]
 [ 0.16437888  0.12466207  0.9784881 ]]
[[ 0.98550442 -0.00172745 -0.16964095]
 [-0.01797178  0.99325851 -0.11451874]
 [ 0.16869514  0.11590747  0.97882961]]
[[ 9.85714104e-01  1.51599973e-04 -1.68427080e-01]
 [-1.93383444e-02  9.93488097e-01 -1.12282811e-01]
 [ 1.67313277e-01  1.13935852e-01  9.79298161e-01]]
[[ 0.98679348  0.00414448 -0.1619304 ]
 [-0.02069121  0.99470852 -0.10063217]
 [ 0.16065648  0.1026537   0.98165764]]
[[ 0.9853816   0.00663191 -0.17023254]
 [-0.02557079  0.99367947 -0.10930341]
 [ 0.16843169  0.11205855  0.97932305]]
[[ 0.98508958  0.00972492 -0.17176712]
 [-0.02793745  0.99419174 -0.10393408]
 [ 0.16975871  0.10718311  0.97963961]]
[[ 0.98431745  0.01154714 -0.17602792]
 [-0.03136827  0.99340989 -0.11023986]
 [ 0.17359492  0.11403271  0.9781929 ]]
[[ 0.98651773  0.01602019 -0.16286844]
 [-0.03178822  0.99500059 -0.09467489]
 [ 0.16053749  0.09857576  0.98209497]]
[[ 0.98576369  0.0147984  -0.16748418]
 [-0.03347432  0.99345141 -0.10924181]
 [ 0.16477079  0.11329303  0.97980369]]
[[ 0.98454057  0.02163574 -0.17381531]
 [-0.03885065  0.99459789 -0.09625834]
 [ 0.17079372  0.10152308  0.98006253]]
[[ 0.98493159  0.02209805 -0.17152678]
 [-0.04168277  0.9928975  -0.11143202]
 [ 0.16784608  0.11690263  0.97885723]]
[[ 0.98540023  0.02608413 -0.16824388]
 [-0.04193474  0.99493473 -0.09135847]
 [ 0.16500867  0.09707992  0.98150274]]
[[ 0.98513758  0.02328761 -0.1701812 ]
 [-0.04100392  0.99400629 -0.10134182]
 [ 0.16680117  0.10681373  0.98018784]]
[[ 0.98336635  0.02730222 -0.17956953]
 [-0.04308595  0.9954836  -0.0845932 ]
 [ 0.17644894  0.09092303  0.98010141]]
[[ 0.98414297  0.02235674 -0.17596248]
 [-0.04019234  0.99432915 -0.09845875]
 [ 0.1727634   0.10396983  0.97946061]]
[[ 0.98311146  0.0230631  -0.18154876]
 [-0.04124265  0.99442882 -0.09700704]
 [ 0.17830004  0.10285628  0.97858555]]
[[ 0.98384675  0.02190174 -0.17766791]
 [-0.04090167  0.99373652 -0.10399413]
 [ 0.17427744  0.1095812   0.97858026]]
[[ 0.98330963  0.02182681 -0.18062604]
 [-0.03884076  0.99507481 -0.09120047]
 [ 0.1777458   0.09669395  0.97931441]]
[[ 0.98042892  0.0200521  -0.19584953]
 [-0.04009582  0.99428721 -0.09892057]
 [ 0.19274711  0.10483733  0.97563194]]
[[ 0.98191123  0.02098861 -0.18817497]
 [-0.03935166  0.99475754 -0.09438692]
 [ 0.18520742  0.10008457  0.97758953]]
[[ 0.98448548  0.02031898 -0.1742856 ]
 [-0.03753254  0.99466894 -0.09604687]
 [ 0.1714049   0.10109813  0.97999976]]
[[ 0.98197184  0.01817791 -0.18815116]
 [-0.03668342  0.99476814 -0.095345  ]
 [ 0.18543361  0.10052814  0.97750114]]
[[ 0.98240311  0.01747355 -0.18595378]
 [-0.0352262   0.99508036 -0.0925969 ]
 [ 0.18342096  0.09751793  0.97818557]]
[[ 0.98263488  0.01679372 -0.18478818]
 [-0.03446888  0.99508249 -0.09285869]
 [ 0.18232004  0.09761563  0.97838162]]
[[ 0.98230277  0.01602976 -0.18661275]
 [-0.03398861  0.99504475 -0.0934383 ]
 [ 0.18419025  0.09812741  0.97798004]]
[[ 0.9839793   0.01187484 -0.17788681]
 [-0.02946777  0.99488824 -0.09658696]
 [ 0.17583054  0.1002815   0.97929936]]
[[ 0.98393063  0.01263929 -0.17810322]
 [-0.03079698  0.99455504 -0.09955813]
 [ 0.17587511  0.10344334  0.97896242]]
[[ 0.98447504  0.0100639  -0.17523588]
 [-0.02537277  0.99602862 -0.08534168]
 [ 0.17368108  0.08846297  0.98082067]]
[[ 0.98563771  0.00391002 -0.16882838]
 [-0.01969265  0.99557253 -0.09191052]
 [ 0.16772153  0.09391515  0.98135082]]
[[ 9.86199592e-01 -4.83149912e-04 -1.65560051e-01]
 [-1.60192182e-02  9.95025296e-01 -9.83262131e-02]
 [ 1.64783945e-01  9.96214139e-02  9.81285802e-01]]
[[ 0.98591219 -0.00544415 -0.16717509]
 [-0.01237602  0.99435617 -0.10536909]
 [ 0.16680522  0.10595363  0.98028049]]
[[ 0.98637495 -0.00939152 -0.16424449]
 [-0.00832302  0.99424193 -0.10683497]
 [ 0.1643021   0.10674635  0.98061717]]
[[ 0.98691677 -0.01534551 -0.16049863]
 [-0.00229196  0.99402445 -0.10913355]
 [ 0.16121427  0.10807358  0.98098423]]
[[ 9.87602430e-01 -1.89939094e-02 -1.55822564e-01]
 [ 9.65344478e-05  9.92725944e-01 -1.20395972e-01]
 [ 1.56975892e-01  1.18888312e-01  9.80420389e-01]]
[[ 0.98662489 -0.02608277 -0.16090686]
 [ 0.00591028  0.99219034 -0.1245929 ]
 [ 0.16289996  0.12197545  0.97907384]]
[[ 0.98442048 -0.02938239 -0.17335802]
 [ 0.00630132  0.9912009  -0.13221598]
 [ 0.17571745  0.12906373  0.97594361]]
[[ 0.98599607 -0.02751874 -0.16448243]
 [ 0.00524616  0.9909217  -0.13433789]
 [ 0.16668602  0.13159373  0.97718927]]
[[ 0.98356044 -0.02734709 -0.1784965 ]
 [ 0.00387885  0.99143773 -0.13052275]
 [ 0.18053758  0.12768465  0.975245  ]]
[[ 0.98202727 -0.0289106  -0.18651173]
 [ 0.00423934  0.9913281  -0.13134161]
 [ 0.18869148  0.12819036  0.97363379]]
[[ 0.98494906 -0.03135567 -0.16997698]
 [ 0.00862174  0.99109624 -0.13286803]
 [ 0.17262971  0.12940275  0.97644965]]
[[ 0.9837865  -0.03182228 -0.17649776]
 [ 0.00859897  0.99136984 -0.13081245]
 [ 0.1791373   0.12717383  0.97556991]]
[[ 0.98312746 -0.03215118 -0.18007416]
 [ 0.00817673  0.99117244 -0.1323266 ]
 [ 0.182739    0.12862149  0.97471174]]
[[ 0.98564835 -0.03517266 -0.16510669]
 [ 0.01533124  0.99266242 -0.1199428 ]
 [ 0.16811391  0.11569013  0.97895531]]
[[ 0.98525531 -0.0355826  -0.16734947]
 [ 0.01485     0.99222798 -0.12354396]
 [ 0.17044484  0.1192372   0.97812629]]
[[ 0.98449767 -0.04031121 -0.17070252]
 [ 0.01855607  0.99170714 -0.1271716 ]
 [ 0.17441335  0.12203257  0.97708139]]
[[ 0.98360025 -0.04116484 -0.17560185]
 [ 0.01929842  0.99203714 -0.12445836]
 [ 0.17932686  0.11902843  0.97656239]]
[[ 0.98415365 -0.04373205 -0.17184035]
 [ 0.02112153  0.99112202 -0.13126697]
 [ 0.17605533  0.12555734  0.97634004]]
[[ 0.9836353  -0.04409541 -0.17469169]
 [ 0.02240943  0.99200175 -0.12421894]
 [ 0.17877195  0.1182714   0.97675609]]
[[ 0.98318441 -0.04598884 -0.17672988]
 [ 0.02313915  0.99134326 -0.12924058]
 [ 0.1811436   0.12297794  0.97573737]]
[[ 0.9839306  -0.04821933 -0.17191704]
 [ 0.0260337   0.99129747 -0.12904097]
 [ 0.1766432   0.12249172  0.97662324]]
[[ 0.98462565 -0.04783616 -0.1680001 ]
 [ 0.02534805  0.99071988 -0.13353502]
 [ 0.17282884  0.12722353  0.97670076]]
[[ 0.98477939 -0.04804705 -0.16703606]
 [ 0.02554363  0.99060506 -0.13434708]
 [ 0.17192174  0.12803553  0.97675474]]
[[ 0.98601072 -0.04446194 -0.16064247]
 [ 0.02284254  0.9907179  -0.13400098]
 [ 0.16510931  0.12845692  0.97787409]]
[[ 0.98578728 -0.04412702 -0.16209951]
 [ 0.020928    0.98962715 -0.14212715]
 [ 0.16668973  0.13671472  0.97648534]]
[[ 0.98825592 -0.04152467 -0.1470576 ]
 [ 0.02321463  0.99199767 -0.12410361]
 [ 0.15103416  0.11923224  0.98131155]]
[[ 0.98647196 -0.03907503 -0.15920493]
 [ 0.01818503  0.99126622 -0.13061619]
 [ 0.1629183   0.12595406  0.97856691]]
[[ 0.98658812 -0.03804964 -0.15873284]
 [ 0.01749464  0.99149876 -0.12893465]
 [ 0.16228933  0.12442842  0.97886656]]
[[ 0.98794497 -0.0382911  -0.14999506]
 [ 0.01750895  0.99034765 -0.13749535]
 [ 0.15381211  0.13321159  0.97907942]]
[[ 0.98656762 -0.03785747 -0.15890611]
 [ 0.01582241  0.99034692 -0.13770488]
 [ 0.16258534  0.13334089  0.97764319]]
[[ 0.98565868 -0.03421493 -0.16524617]
 [ 0.01130318  0.99041659 -0.1376489 ]
 [ 0.1683722   0.13380703  0.97659945]]
[[ 0.98704266 -0.03229171 -0.15717515]
 [ 0.01139457  0.99117351 -0.13208038]
 [ 0.16005295  0.12857803  0.9786985 ]]
[[ 0.98394576 -0.03331171 -0.17533131]
 [ 0.00915906  0.99055651 -0.13679881]
 [ 0.17823257  0.13299674  0.97495898]]
[[ 0.98632649 -0.03169492 -0.16172659]
 [ 0.00977126  0.99085272 -0.13459348]
 [ 0.16451316  0.13117285  0.97761399]]
[[ 0.98650346 -0.0307225  -0.16083238]
 [ 0.00886007  0.99081657 -0.13492229]
 [ 0.16350053  0.13167632  0.97771618]]
[[ 0.98477895 -0.02838278 -0.17147841]
 [ 0.00705256  0.99228962 -0.1237399 ]
 [ 0.17366833  0.12064709  0.9773861 ]]
[[ 0.98551152 -0.02773408 -0.16732564]
 [ 0.00675019  0.99217222 -0.12469452]
 [ 0.16947414  0.12175841  0.97798436]]
[[ 0.98563657 -0.02578714 -0.16689987]
 [ 0.00487124  0.99220331 -0.1245346 ]
 [ 0.16880999  0.12193285  0.97807749]]
[[ 0.97938062  0.02497072 -0.20047458]
 [-0.03351383  0.99866394 -0.03933385]
 [ 0.19922453  0.04524148  0.97890898]]
[[ 0.98034318  0.03859149 -0.19348886]
 [-0.04536078  0.99849955 -0.03067642]
 [ 0.19201469  0.03885022  0.98062277]]
[[ 0.97953035  0.04224828 -0.19681305]
 [-0.0494771   0.9982639  -0.03195617]
 [ 0.19512127  0.04103978  0.97992011]]
[[ 0.97977638  0.0460541  -0.19472358]
 [-0.0521605   0.99829112 -0.02634618]
 [ 0.19317747  0.03597024  0.98050426]]
[[ 0.98268024  0.05027051 -0.17836035]
 [-0.05440164  0.99835062 -0.01834389]
 [ 0.17714401  0.02772927  0.98379423]]
[[ 0.98261769  0.05235127 -0.17810618]
 [-0.0566022   0.99821853 -0.01886694]
 [ 0.17680118  0.02862019  0.98383038]]
[[ 0.9809567   0.05464296 -0.1863816 ]
 [-0.05635798  0.99840296 -0.00391155]
 [ 0.1858702   0.01434115  0.98246964]]
[[ 0.98166345  0.05324656 -0.18303462]
 [-0.0566116   0.99830894 -0.01320528]
 [ 0.18202196  0.02332503  0.98301778]]
[[ 0.98419663  0.05298936 -0.16896483]
 [-0.05517707  0.99844229 -0.00827555]
 [ 0.16826311  0.01746776  0.98558734]]
[[ 0.98226878  0.05004539 -0.18067513]
 [-0.0538886   0.9984119  -0.01642272]
 [ 0.17956632  0.02586786  0.98340571]]
[[ 0.98325311  0.04795704 -0.17582217]
 [-0.05104642  0.99861052 -0.01308795]
 [ 0.17495021  0.02184386  0.98433494]]
[[ 0.98307054  0.04777358 -0.17688978]
 [-0.05102981  0.99860036 -0.01390234]
 [ 0.17597803  0.02269364  0.98413248]]
[[ 0.98346835  0.05042373 -0.17391797]
 [-0.05219137  0.99862139 -0.00560229]
 [ 0.17339572  0.01458669  0.98474421]]
[[ 0.9826031   0.04716066 -0.17963022]
 [-0.05028016  0.99865248 -0.01285042]
 [ 0.17878213  0.02165869  0.98365027]]
[[ 0.98371003  0.04955963 -0.1727959 ]
 [-0.05050705  0.99872311 -0.00108769]
 [ 0.17252135  0.00979738  0.98495705]]
[[ 0.98307206  0.04663697 -0.17718442]
 [-0.04912098  0.99874616 -0.00965642]
 [ 0.17651191  0.01819643  0.98413029]]
[[ 0.98454916  0.05016638 -0.16776856]
 [-0.0523026   0.99859649 -0.00833596]
 [ 0.16711491  0.01698189  0.98579117]]
[[ 0.98281688  0.04931869 -0.17787253]
 [-0.0508499   0.99869807 -0.00405717]
 [ 0.17744086  0.01303226  0.98404517]]
[[ 0.98521635  0.04842632 -0.16432785]
 [-0.05039069  0.99869909 -0.00780397]
 [ 0.16373616  0.01596919  0.98637491]]
[[ 0.98461884  0.04921014 -0.16764277]
 [-0.05097901  0.9986801  -0.00626156]
 [ 0.16711337  0.01471151  0.98582792]]
[[ 0.98324011  0.0464663  -0.17629455]
 [-0.04859368  0.99878843 -0.00776685]
 [ 0.17572006  0.01620348  0.98430682]]
[[ 0.98487573  0.04806236 -0.16646262]
 [-0.0506089   0.998657   -0.01108754]
 [ 0.16570617  0.01934434  0.98598543]]
[[ 0.98120448  0.04935168 -0.1865534 ]
 [-0.05064686  0.99871425 -0.00218007]
 [ 0.18620595  0.01158744  0.9824424 ]]
[[ 9.84678075e-01  4.92336247e-02 -1.67287594e-01]
 [-4.99316950e-02  9.98752634e-01  3.32783585e-05]
 [ 1.67080563e-01  8.32018463e-03  9.85908140e-01]]
[[ 0.98246879  0.04718255 -0.18035766]
 [-0.05124339  0.9985254  -0.01792022]
 [ 0.17924618  0.02684819  0.98343784]]
[[ 0.98505587  0.04839453 -0.16529639]
 [-0.05211996  0.99847364 -0.01827271]
 [ 0.16415979  0.02661488  0.98607465]]
[[ 0.98517821  0.04849353 -0.16453654]
 [-0.05132138  0.99859788 -0.01297684]
 [ 0.16367655  0.02122874  0.98628562]]
[[ 0.98362492  0.05079429 -0.17292184]
 [-0.05240754  0.99861437 -0.00477356]
 [ 0.17243976  0.0137578   0.98492398]]
[[ 0.98266822  0.04966627 -0.17859571]
 [-0.0514905   0.99865784 -0.00559067]
 [ 0.17807834  0.01468975  0.98390666]]
[[ 0.98195688  0.05276611 -0.18159413]
 [-0.05484637  0.99847398 -0.00644946]
 [ 0.1809767   0.01629287  0.98335242]]
[[ 0.98458147  0.05219993 -0.16695655]
 [-0.05460632  0.99845936 -0.00985201]
 [ 0.16618506  0.01881699  0.98591503]]
[[ 0.98537845  0.0522499  -0.16217045]
 [-0.05614663  0.99823138 -0.01953618]
 [ 0.16086287  0.02835586  0.98656935]]
[[ 0.98372985  0.05026802 -0.17247815]
 [-0.05163936  0.99865977 -0.00347017]
 [ 0.17207255  0.01232037  0.98500723]]
[[ 0.98569138  0.0526627  -0.16012225]
 [-0.05374592  0.99855167 -0.0024385 ]
 [ 0.15976192  0.01100952  0.98709418]]
[[ 0.98365649  0.05067    -0.17277864]
 [-0.05313786  0.99854022 -0.009685  ]
 [ 0.17203568  0.0187078   0.98491306]]
[[ 0.98293087  0.05057299 -0.17688777]
 [-0.05312363  0.99854073 -0.00971052]
 [ 0.17613855  0.01894169  0.98418312]]
[[ 0.98437361  0.04991667 -0.16886952]
 [-0.05445868  0.99826541 -0.02236994]
 [ 0.16745996  0.03121678  0.98538453]]
[[ 0.98543624  0.04960609 -0.16264888]
 [-0.05403893  0.99827526 -0.02294131]
 [ 0.16123033  0.03139657  0.98641727]]
[[ 0.98504813  0.04703245 -0.16573513]
 [-0.05075604  0.99854338 -0.0183015 ]
 [ 0.16463295  0.02643992  0.98600047]]
[[ 0.98392899  0.0465416  -0.17238801]
 [-0.04923744  0.99872212 -0.011393  ]
 [ 0.17163747  0.01969785  0.98496324]]
[[ 0.98353899  0.0470079  -0.17447437]
 [-0.0501214   0.99865217 -0.01347944]
 [ 0.17360557  0.02200246  0.98456945]]
[[ 0.98596205  0.04680273 -0.16027585]
 [-0.05130984  0.99839204 -0.02409646]
 [ 0.15889036  0.03198193  0.9867781 ]]
[[ 0.98310379  0.04590354 -0.17719989]
 [-0.05241033  0.99810593 -0.03221336]
 [ 0.17538556  0.04095618  0.98364755]]
[[ 0.98517994  0.04299564 -0.16604778]
 [-0.04912245  0.99824854 -0.03296712]
 [ 0.16433951  0.04063522  0.98556649]]
[[ 0.98400644  0.0400186  -0.17357949]
 [-0.04465215  0.99874078 -0.02287017]
 [ 0.17244569  0.03025509  0.98455427]]
[[ 0.98317867  0.03580546 -0.17910242]
 [-0.04283381  0.99845028 -0.03552891]
 [ 0.17755273  0.0426029   0.9831887 ]]
[[ 0.98204476  0.03203107 -0.18590884]
 [-0.03996836  0.99843548 -0.03910389]
 [ 0.18436545  0.04583224  0.98178857]]
[[ 0.98435156  0.03079058 -0.17350489]
 [-0.03771784  0.9986117  -0.03677001]
 [ 0.17213184  0.04273885  0.98414634]]
[[ 0.98222588  0.02615206 -0.18587197]
 [-0.03578192  0.99817503 -0.04864417]
 [ 0.18426061  0.05443042  0.98136912]]
[[ 0.98330588  0.02452965 -0.18029931]
 [-0.03267015  0.99856984 -0.04231956]
 [ 0.17900337  0.04750348  0.98270098]]
[[ 0.98064207  0.01701331 -0.1950684 ]
 [-0.02890039  0.99788334 -0.05825463]
 [ 0.1936644   0.06276449  0.97905808]]
[[ 0.98292502  0.01316196 -0.1835352 ]
 [-0.02471913  0.99784233 -0.0608248 ]
 [ 0.18233862  0.06432305  0.98112954]]
[[ 0.9838769   0.00848209 -0.17864573]
 [-0.0217285   0.99714451 -0.07232359]
 [ 0.17752216  0.07503921  0.98125175]]
[[ 0.98345866  0.00422199 -0.18108354]
 [-0.01823588  0.99695671 -0.07579426]
 [ 0.18021245  0.07784274  0.9805427 ]]
[[ 9.82100297e-01 -8.09220308e-04 -1.88356980e-01]
 [-1.55511523e-02  9.96228438e-01 -8.53642884e-02]
 [ 1.87715658e-01  8.67654611e-02  9.78383660e-01]]
[[ 0.98204022 -0.00203994 -0.18866068]
 [-0.01295259  0.99685345 -0.07820119]
 [ 0.18822658  0.07924036  0.97892376]]
[[ 0.98492873 -0.00751722 -0.17279724]
 [-0.00939121  0.99525703 -0.09682583]
 [ 0.17270553  0.09698931  0.98018665]]
[[ 0.98303011 -0.00976758 -0.18318405]
 [-0.00770678  0.99550087 -0.09443849]
 [ 0.18328232  0.09424764  0.97853205]]
[[ 0.98486059 -0.01631671 -0.17257863]
 [-0.00327019  0.99363425 -0.11260677]
 [ 0.17331741  0.11146634  0.97853785]]
[[ 0.98377841 -0.01735019 -0.17854693]
 [-0.00218014  0.99408186 -0.10861172]
 [ 0.1793747   0.10723912  0.97791845]]
[[ 9.82586082e-01 -2.24812241e-02 -1.84442906e-01]
 [-7.80594048e-05  9.92603483e-01 -1.21401478e-01]
 [ 1.85807925e-01  1.19301800e-01  9.75316613e-01]]
[[ 0.98691054 -0.02637012 -0.1590981 ]
 [ 0.00401863  0.99025554 -0.13920422]
 [ 0.16121861  0.13674275  0.9773996 ]]
[[ 0.98392083 -0.03302382 -0.17552557]
 [ 0.00785309  0.98980628 -0.14220358]
 [ 0.17843241  0.13853865  0.97415036]]
[[ 0.98544626 -0.03414228 -0.1665232 ]
 [ 0.01058567  0.99004597 -0.14034574]
 [ 0.16965735  0.13654042  0.97599851]]
[[ 0.9850634  -0.04223195 -0.1669328 ]
 [ 0.01574773  0.98748956 -0.15689606]
 [ 0.17147042  0.15192375  0.97340488]]
[[ 0.98658355 -0.04458332 -0.15705166]
 [ 0.01901014  0.98681781 -0.16071475]
 [ 0.16214657  0.15557295  0.97442575]]
[[ 0.98802694 -0.04914846 -0.14624358]
 [ 0.02426411  0.98560637 -0.1673061 ]
 [ 0.15236144  0.16175446  0.9749982 ]]
[[ 0.98789358 -0.05413616 -0.14538072]
 [ 0.02698683  0.98281769 -0.18259548]
 [ 0.15276776  0.17646153  0.97238024]]
[[ 0.98952727 -0.06520871 -0.12877737]
 [ 0.03756095  0.97773117 -0.20647261]
 [ 0.13937346  0.19947327  0.96994095]]
[[ 0.98664429 -0.07182113 -0.14620112]
 [ 0.04064946  0.97771249 -0.20597552]
 [ 0.15773606  0.19728157  0.96757393]]
[[ 0.98814331 -0.07532176 -0.13378876]
 [ 0.04683194  0.97773298 -0.2045605 ]
 [ 0.14621754  0.1958695   0.96966776]]
[[ 0.98766475 -0.07969193 -0.13478703]
 [ 0.04844112  0.97407896 -0.22096072]
 [ 0.14890199  0.21170588  0.96592382]]
[[ 0.98806516 -0.08548206 -0.12814078]
 [ 0.05532203  0.97331245 -0.22271585]
 [ 0.14375922  0.21296876  0.96642516]]
[[ 0.98682752 -0.08861795 -0.13534516]
 [ 0.05601486  0.97204065 -0.22803358]
 [ 0.15176886  0.21744847  0.96420038]]
[[ 0.9875553  -0.09328816 -0.12661697]
 [ 0.06157205  0.97015231 -0.23454929]
 [ 0.14471842  0.22383433  0.963823  ]]
[[ 0.98397784 -0.09775038 -0.14910557]
 [ 0.06033742  0.96953035 -0.23742429]
 [ 0.16777069  0.22462359  0.95989439]]
[[ 0.98281425 -0.09808221 -0.15638425]
 [ 0.06009524  0.97101655 -0.23133401]
 [ 0.17454145  0.21796041  0.96022317]]
[[ 0.98093266 -0.10158106 -0.16568767]
 [ 0.06009911  0.96929282 -0.23845235]
 [ 0.18482211  0.22394802  0.95691592]]
[[ 0.98311543 -0.10056682 -0.1528737 ]
 [ 0.06237931  0.96958354 -0.23667824]
 [ 0.1720258   0.22314588  0.95948582]]
[[ 0.98108103 -0.09949323 -0.16607561]
 [ 0.05897078  0.97065416 -0.23313717]
 [ 0.18439755  0.21893285  0.95815758]]
[[ 0.98024249 -0.10070425 -0.17024489]
 [ 0.06095939  0.97260546 -0.22432695]
 [ 0.18817178  0.20951678  0.95952806]]
[[ 0.9819719  -0.1013482  -0.15956107]
 [ 0.06263748  0.97088914 -0.23119434]
 [ 0.17834724  0.21703185  0.95973405]]
[[ 0.98356681 -0.10057943 -0.14993371]
 [ 0.06247718  0.96875639 -0.24001595]
 [ 0.16938991  0.22670428  0.95912055]]
[[ 0.9801535  -0.10461437 -0.16838927]
 [ 0.06239245  0.96904668 -0.23886336]
 [ 0.18816561  0.22361654  0.95634165]]
[[ 0.98220538 -0.10152045 -0.15800693]
 [ 0.06279977  0.97041752 -0.23312235]
 [ 0.17699937  0.21905123  0.95952477]]
[[ 0.98330098 -0.10070735 -0.1515824 ]
 [ 0.06387042  0.97091893 -0.23073143]
 [ 0.17041057  0.21719681  0.96113776]]
[[ 0.98313577 -0.10148551 -0.15213399]
 [ 0.06327187  0.9692752  -0.23770202]
 [ 0.17158301  0.22406755  0.9593503 ]]
[[ 0.98260449 -0.10245793 -0.15488961]
 [ 0.06412759  0.96993082 -0.23478044]
 [ 0.17428733  0.22076361  0.95962876]]
[[ 0.98359122 -0.1012815  -0.14929962]
 [ 0.06465656  0.97047204 -0.23238665]
 [ 0.16842758  0.21892027  0.96109628]]
[[ 0.98308787 -0.10036845 -0.15318098]
 [ 0.0617915   0.9691824  -0.23846863]
 [ 0.17239504  0.22497034  0.95899338]]
[[ 0.9833029  -0.09762259 -0.15357487]
 [ 0.06057416  0.97138907 -0.22963895]
 [ 0.1715989   0.21650197  0.96108309]]
[[ 0.98198139 -0.09946007 -0.16068678]
 [ 0.060309    0.97076842 -0.23231766]
 [ 0.17909598  0.21844076  0.95927486]]
[[ 0.98453996 -0.09832151 -0.14496189]
 [ 0.06212303  0.96980106 -0.23585298]
 [ 0.16377362  0.22320121  0.96091593]]
[[ 0.98333956 -0.09649055 -0.15405483]
 [ 0.05798147  0.96971191 -0.23726981]
 [ 0.1722831   0.22438446  0.95915074]]
[[ 0.98481197 -0.09444865 -0.14568749]
 [ 0.05849194  0.97052462 -0.23379619]
 [ 0.16347503  0.22172374  0.96130874]]
[[ 0.98470729 -0.09617775 -0.14526318]
 [ 0.06037574  0.97052732 -0.23330557]
 [ 0.16342069  0.22096733  0.96149213]]
[[ 0.98668847 -0.09566278 -0.13150852]
 [ 0.06250059  0.96964113 -0.23641015]
 [ 0.15013172  0.22504381  0.9627127 ]]
[[ 0.98730896 -0.09894931 -0.12421775]
 [ 0.06575831  0.96668451 -0.24738007]
 [ 0.14455746  0.23607221  0.96092302]]
[[ 0.98679441 -0.10154538 -0.12619562]
 [ 0.06741417  0.96588007 -0.25006203]
 [ 0.14728247  0.23825244  0.95997065]]
[[ 0.98806592 -0.11092251 -0.10687346]
 [ 0.07494542  0.95237586 -0.29557301]
 [ 0.13456941  0.28403594  0.94932326]]
[[ 0.98563289 -0.11190211 -0.12651373]
 [ 0.06970633  0.95177134 -0.29878478]
 [ 0.15384679  0.2856733   0.94589742]]
[[ 0.9830279  -0.1106646  -0.14631982]
 [ 0.06438845  0.95495837 -0.28966987]
 [ 0.17178554  0.27533226  0.94587625]]
[[ 0.98064329 -0.10973534 -0.16216315]
 [ 0.05796726  0.95377615 -0.29487429]
 [ 0.18702548  0.27976634  0.94167524]]
[[ 0.97634105 -0.10372588 -0.18973427]
 [ 0.04615273  0.95718104 -0.2857873 ]
 [ 0.21125359  0.27026912  0.93932238]]
[[ 0.97578579 -0.09262899 -0.19814633]
 [ 0.03660843  0.96228574 -0.26956628]
 [ 0.21564304  0.25578512  0.94237575]]
[[ 0.97561335 -0.06653919 -0.20916768]
 [ 0.01832147  0.97430548 -0.22448418]
 [ 0.21873021  0.21517751  0.95176454]]
[[ 0.9810166  -0.06054035 -0.18423163]
 [ 0.01885083  0.97529247 -0.22011189]
 [ 0.19300537  0.2124605   0.95791934]]
[[ 0.98079558 -0.05947169 -0.18575025]
 [ 0.01817167  0.97609844 -0.21656782]
 [ 0.19419018  0.20903337  0.95843373]]
[[ 0.98044934 -0.05856146 -0.1878554 ]
 [ 0.01616556  0.97543189 -0.21970732]
 [ 0.19610653  0.21237511  0.95730823]]
[[ 0.98305642 -0.05444485 -0.17503098]
 [ 0.01659657  0.97738616 -0.21081   ]
 [ 0.18255037  0.2043332   0.96172933]]
[[ 0.98190901 -0.05298117 -0.18179026]
 [ 0.01451184  0.97829023 -0.20673083]
 [ 0.18879647  0.20035275  0.96136084]]
[[ 0.97628884 -0.04933433 -0.21077531]
 [ 0.00524203  0.97878657 -0.20481546]
 [ 0.21640847  0.19885416  0.95583701]]
[[ 0.975789   -0.04721636 -0.21355664]
 [ 0.00511144  0.98107594 -0.19355589]
 [ 0.21865428  0.18777813  0.95756445]]
[[ 0.9803618  -0.02825453 -0.19517279]
 [-0.00548404  0.98539447 -0.17019891]
 [ 0.19713108  0.16792685  0.96588815]]
[[ 0.97689634 -0.02765427 -0.21191695]
 [-0.00768988  0.98640206 -0.16417015]
 [ 0.21357532  0.16200683  0.9633999 ]]
[[ 0.97949953 -0.02080458 -0.20036928]
 [-0.00969608  0.9886309  -0.15004974]
 [ 0.20121298  0.14891645  0.96816178]]
[[ 0.97976158 -0.01518477 -0.19959127]
 [-0.01438257  0.98920077 -0.14585947]
 [ 0.19965068  0.14577814  0.96896251]]
[[ 0.97999986 -0.01292954 -0.19857768]
 [-0.01664866  0.98906149 -0.14656125]
 [ 0.1983005   0.14693606  0.96906486]]
[[ 0.98077306 -0.00955982 -0.19491745]
 [-0.01963615  0.98889621 -0.14730481]
 [ 0.19416134  0.14830001  0.96969505]]
[[ 0.9827868  -0.00805254 -0.18456778]
 [-0.01882984  0.98948054 -0.14343536]
 [ 0.18378124  0.14444176  0.97229678]]
[[ 0.98225923 -0.01000926 -0.18726085]
 [-0.01875214  0.98832691 -0.15118956]
 [ 0.18658823  0.15201888  0.97060553]]
[[ 0.98489221 -0.01033022 -0.17286014]
 [-0.01643686  0.98813549 -0.15270262]
 [ 0.17238669  0.1532369   0.97303714]]
[[ 0.98201112 -0.01384167 -0.1883151 ]
 [-0.01626687  0.98740033 -0.15740384]
 [ 0.18812112  0.15763562  0.96941294]]
[[ 0.98017418 -0.01514373 -0.19755819]
 [-0.01570442  0.98800033 -0.15365129]
 [ 0.19751441  0.15370757  0.96817459]]
[[ 0.97981517 -0.01668304 -0.19920818]
 [-0.01502434  0.98754753 -0.15660186]
 [ 0.19934014  0.15643385  0.96736341]]
[[ 0.98296019 -0.01447401 -0.18324783]
 [-0.01314381  0.98880901 -0.14860684]
 [ 0.18334805  0.14848318  0.97176964]]
[[ 0.98166873 -0.0159004  -0.18993071]
 [-0.01374062  0.98801689 -0.15373294]
