[[-3.90588692e-01 -2.27317029e-02 -9.20284599e-01 -8.97847056e+02]
 [ 9.19933100e-01  2.74049182e-02 -3.91116429e-01 -6.46282513e+02]
 [ 3.41110667e-02 -9.99365919e-01  1.02075948e-02  4.97247246e+02]]

[[-3.92379221e-01 -2.11232211e-02 -9.19560958e-01 -8.97987359e+02]
 [ 9.19200801e-01  2.71813522e-02 -3.92849924e-01 -6.46255617e+02]
 [ 3.32931661e-02 -9.99407316e-01  8.75108392e-03  4.97333450e+02]]

[[-3.98718460e-01 -1.87617144e-02 -9.16881447e-01 -8.97355827e+02]
 [ 9.16471407e-01  2.80676055e-02 -3.99114483e-01 -6.46077049e+02]
 [ 3.32227387e-02 -9.99429941e-01  6.00350234e-03  4.97345668e+02]]

[[-3.95614376e-01 -1.79109756e-02 -9.18242050e-01 -8.97801657e+02]
 [ 9.17850670e-01  2.73866086e-02 -3.95979950e-01 -6.46109108e+02]
 [ 3.22399228e-02 -9.99464442e-01  5.60506485e-03  4.97371332e+02]]

[[-3.98982341e-01 -1.72570586e-02 -9.16796207e-01 -8.97459416e+02]
 [ 9.16395644e-01  2.75255926e-02 -3.99326140e-01 -6.46007639e+02]
 [ 3.21265535e-02 -9.99472129e-01  4.83206794e-03  4.97379155e+02]]

[[-3.93957616e-01 -1.64557748e-02 -9.18981286e-01 -8.98338025e+02]
 [ 9.18546426e-01  2.85321313e-02 -3.94282108e-01 -6.46274953e+02]
 [ 3.27087123e-02 -9.99457415e-01  3.87494273e-03  4.97318002e+02]]

[[-3.97438486e-01 -1.73798697e-02 -9.17464217e-01 -8.97850426e+02]
 [ 9.17053868e-01  2.78648221e-02 -3.97788580e-01 -6.46118466e+02]
 [ 3.24784908e-02 -9.99460600e-01  4.86372405e-03  4.97327206e+02]]

[[-3.98564923e-01 -2.01884599e-02 -9.16917896e-01 -8.97071208e+02]
 [ 9.16510886e-01  2.82601246e-02 -3.99010228e-01 -6.46008934e+02]
 [ 3.39676160e-02 -9.99396714e-01  7.23944886e-03  4.97308582e+02]]

[[-3.98627672e-01 -2.20053265e-02 -9.16848813e-01 -8.96790554e+02]
 [ 9.16470154e-01  2.78621017e-02 -3.99131758e-01 -6.45973256e+02]
 [ 3.43283595e-02 -9.99369536e-01  9.06062021e-03  4.97348673e+02]]

[[-3.96474183e-01 -2.13507634e-02 -9.17797563e-01 -8.97254141e+02]
 [ 9.17412654e-01  2.79106938e-02 -3.96957196e-01 -6.46091133e+02]
 [ 3.40917059e-02 -9.99382378e-01  8.52159100e-03  4.97373562e+02]]

[[-3.90759708e-01 -1.93398245e-02 -9.20289531e-01 -8.98327501e+02]
 [ 9.19908648e-01  2.74053938e-02 -3.91173906e-01 -6.46271590e+02]
 [ 3.27861317e-02 -9.99437299e-01  7.08194809e-03  4.97305517e+02]]

[[-3.94451076e-01 -1.86192218e-02 -9.18728291e-01 -8.98094943e+02]
 [ 9.18284339e-01  2.91049837e-02 -3.94850318e-01 -6.46191724e+02]
 [ 3.40913776e-02 -9.99402934e-01  5.61724762e-03  4.97269701e+02]]

[[-4.00095041e-01 -1.70193695e-02 -9.16315611e-01 -8.97632249e+02]
 [ 9.15901929e-01  2.78853307e-02 -4.00432346e-01 -6.45901707e+02]
 [ 3.23668699e-02 -9.99466232e-01  4.43129084e-03  4.97381236e+02]]

[[-3.95438867e-01 -2.31244605e-02 -9.18201155e-01 -8.97400875e+02]
 [ 9.17827104e-01  2.80909589e-02 -3.95985233e-01 -6.46003882e+02]
 [ 3.49500958e-02 -9.99337859e-01  1.01159997e-02  4.97282635e+02]]

[[-4.01043985e-01 -2.04404691e-02 -9.15830721e-01 -8.97105581e+02]
 [ 9.15450221e-01  2.74932674e-02 -4.01490987e-01 -6.45837400e+02]
 [ 3.33858430e-02 -9.99412981e-01  7.68622240e-03  4.97397369e+02]]

[[-3.93737441e-01 -2.15310841e-02 -9.18970750e-01 -8.97494505e+02]
 [ 9.18588697e-01  2.79151709e-02 -3.94227789e-01 -6.46267647e+02]
 [ 3.41413773e-02 -9.99378385e-01  8.78696251e-03  4.97379320e+02]]

[[-3.85752144e-01 -2.00172857e-02 -9.22385273e-01 -8.98712673e+02]
 [ 9.21990327e-01  2.80487823e-02 -3.86195678e-01 -6.46612151e+02]
 [ 3.36023730e-02 -9.99406111e-01  7.63586586e-03  4.97476949e+02]]

[[-3.97166313e-01 -1.38208865e-02 -9.17642579e-01 -8.97639990e+02]
 [ 9.17180365e-01  2.91426706e-02 -3.97405187e-01 -6.46222861e+02]
 [ 3.22350474e-02 -9.99479709e-01  1.10175866e-03  4.97887849e+02]]

[[-3.91692964e-01 -1.90696167e-02 -9.19898349e-01 -8.98362908e+02]
 [ 9.19479128e-01  2.84910047e-02 -3.92105082e-01 -6.46202801e+02]
 [ 3.36861218e-02 -9.99412133e-01  6.37438846e-03  4.97721913e+02]]

[[-4.03028455e-01 -2.17410343e-02 -9.14929173e-01 -8.96199622e+02]
 [ 9.14577589e-01  2.69225892e-02 -4.03513330e-01 -6.45695293e+02]
 [ 3.34050594e-02 -9.99401071e-01  9.03329322e-03  4.97598606e+02]]

[[-3.96897736e-01 -1.89299779e-02 -9.17667611e-01 -8.96953797e+02]
 [ 9.17178546e-01  3.04192303e-02 -3.97313711e-01 -6.46007523e+02]
 [ 3.54358822e-02 -9.99357957e-01  5.28884602e-03  4.97252617e+02]]

[[-3.95420579e-01 -2.21769302e-02 -9.18232405e-01 -8.97234150e+02]
 [ 9.17865405e-01  2.76197157e-02 -3.95929602e-01 -6.45814179e+02]
 [ 3.41418211e-02 -9.99372471e-01  9.43403308e-03  4.97403104e+02]]

[[-3.95565516e-01 -1.91745134e-02 -9.18237584e-01 -8.97307652e+02]
 [ 9.17863854e-01  2.70853669e-02 -3.95970111e-01 -6.45584217e+02]
 [ 3.24633360e-02 -9.99449209e-01  6.88555565e-03  4.97602805e+02]]

[[-4.00934965e-01 -2.21565490e-02 -9.15838545e-01 -8.96435573e+02]
 [ 9.15489730e-01  2.69880494e-02 -4.01435174e-01 -6.45515045e+02]
 [ 3.36111140e-02 -9.99390180e-01  9.46364042e-03  4.97588533e+02]]

[[-3.99481761e-01 -1.99456904e-02 -9.16524136e-01 -8.96835815e+02]
 [ 9.16157250e-01  2.69907582e-02 -3.99909229e-01 -6.45566342e+02]
 [ 3.27141471e-02 -9.99436676e-01  7.49107328e-03  4.97564835e+02]]

[[-4.04319184e-01 -1.98829105e-02 -9.14401809e-01 -8.96205158e+02]
 [ 9.14026753e-01  2.71570862e-02 -4.04743854e-01 -6.45435305e+02]
 [ 3.28799746e-02 -9.99433421e-01  7.19338116e-03  4.97642314e+02]]

[[-3.92604611e-01 -1.68640801e-02 -9.19552730e-01 -8.98210849e+02]
 [ 9.19111829e-01  2.87804403e-02 -3.92944184e-01 -6.45900313e+02]
 [ 3.30917747e-02 -9.99443490e-01  4.20064189e-03  4.97712855e+02]]

[[-4.02719596e-01 -1.95778942e-02 -9.15114000e-01 -8.95968637e+02]
 [ 9.14685357e-01  2.87153014e-02 -4.03145295e-01 -6.45456025e+02]
 [ 3.41705103e-02 -9.99395886e-01  6.34339860e-03  4.97603050e+02]]

[[-3.92166180e-01 -1.73376998e-02 -9.19730989e-01 -8.97667863e+02]
 [ 9.19317553e-01  2.80152164e-02 -3.92518004e-01 -6.45764640e+02]
 [ 3.25718220e-02 -9.99457129e-01  4.95223139e-03  4.97645838e+02]]

[[-3.97054834e-01 -1.87554634e-02 -9.17603232e-01 -8.97094335e+02]
 [ 9.17204708e-01  2.77400294e-02 -3.97449385e-01 -6.45662234e+02]
 [ 3.29086880e-02 -9.99439204e-01  6.18828654e-03  4.97458674e+02]]

[[-4.02042063e-01 -1.78710063e-02 -9.15446780e-01 -8.96297088e+02]
 [ 9.15042333e-01  2.77042548e-02 -4.02405272e-01 -6.45380597e+02]
 [ 3.25531580e-02 -9.99456403e-01  5.21445159e-03  4.97478840e+02]]

[[-3.94831186e-01 -2.02892642e-02 -9.18529630e-01 -8.97309210e+02]
 [ 9.18155626e-01  2.73535125e-02 -3.95274627e-01 -6.45731803e+02]
 [ 3.31448430e-02 -9.99419897e-01  7.82868237e-03  4.97377761e+02]]

[[-4.05072795e-01 -1.80659194e-02 -9.14105931e-01 -8.95590382e+02]
 [ 9.13648287e-01  2.92915839e-02 -4.05448900e-01 -6.45393107e+02]
 [ 3.41004178e-02 -9.99407637e-01  4.64067258e-03  4.97357170e+02]]

[[-3.99826466e-01 -2.19379040e-02 -9.16328285e-01 -8.96247425e+02]
 [ 9.15964787e-01  2.73806407e-02 -4.00323381e-01 -6.45533564e+02]
 [ 3.38719114e-02 -9.99384325e-01  9.14684279e-03  4.97259933e+02]]

[[-3.90234246e-01 -1.77258392e-02 -9.20544962e-01 -8.98555040e+02]
 [ 9.20160184e-01  2.72147728e-02 -3.90595175e-01 -6.45893279e+02]
 [ 3.19760493e-02 -9.99472436e-01  5.69047515e-03  4.97342677e+02]]

[[-4.00097172e-01 -2.15102614e-02 -9.16220258e-01 -8.96404591e+02]
 [ 9.15857834e-01  2.72309406e-02 -4.00578213e-01 -6.45437163e+02]
 [ 3.35660815e-02 -9.99397711e-01  8.80531912e-03  4.97441737e+02]]

[[-3.85333164e-01 -1.72647127e-02 -9.22615999e-01 -8.99460006e+02]
 [ 9.22182085e-01  2.87071166e-02 -3.85689129e-01 -6.46070918e+02]
 [ 3.31444570e-02 -9.99438758e-01  4.85940462e-03  4.97745245e+02]]

[[-3.84134988e-01 -1.87505151e-02 -9.23086523e-01 -8.98716972e+02]
 [ 9.22699755e-01  2.75503638e-02 -3.84533664e-01 -6.45946975e+02]
 [ 3.26415739e-02 -9.99444544e-01  6.71803704e-03  4.98207739e+02]]

[[-3.88696268e-01 -2.13355047e-02 -9.21118889e-01 -8.98273717e+02]
 [ 9.20709185e-01  2.87462792e-02 -3.89189219e-01 -6.45728744e+02]
 [ 3.47822891e-02 -9.99359018e-01  8.47022371e-03  4.98265786e+02]]

[[-3.84099040e-01 -2.69520397e-02 -9.22898432e-01 -8.98092621e+02]
 [ 9.22576657e-01  2.81334569e-02 -3.84786722e-01 -6.45402439e+02]
 [ 3.63351102e-02 -9.99240760e-01  1.40592889e-02  4.98338508e+02]]

[[-3.93124584e-01 -2.70196458e-02 -9.19088135e-01 -8.96937735e+02]
 [ 9.18849376e-01  2.56224372e-02 -3.93775716e-01 -6.44865138e+02]
 [ 3.41889584e-02 -9.99306474e-01  1.47541747e-02  4.98364840e+02]]

[[-3.90903370e-01 -2.08131803e-02 -9.20196374e-01 -8.98062495e+02]
 [ 9.19693811e-01  3.11920703e-02 -3.91395387e-01 -6.45396886e+02]
 [ 3.68490127e-02 -9.99296686e-01  6.94866769e-03  4.98422882e+02]]

[[-3.88068970e-01 -2.62539630e-02 -9.21256318e-01 -8.97288610e+02]
 [ 9.20747041e-01  3.27090050e-02 -3.88786583e-01 -6.45218006e+02]
 [ 4.03405661e-02 -9.99120038e-01  1.14799089e-02  4.99117302e+02]]

[[-3.80690922e-01 -1.74365240e-02 -9.24537933e-01 -8.98904941e+02]
 [ 9.23801618e-01  3.69476834e-02 -3.81084558e-01 -6.45478227e+02]
 [ 4.08043249e-02 -9.99165070e-01  2.04224141e-03  4.99927067e+02]]

[[-3.92249423e-01 -2.97342895e-02 -9.19378193e-01 -8.95242704e+02]
 [ 9.19029782e-01  2.97584879e-02 -3.93063216e-01 -6.43569692e+02]
 [ 3.90467603e-02 -9.99114760e-01  1.56539479e-02  5.00598680e+02]]

[[-3.87756246e-01 -2.62505748e-02 -9.21388084e-01 -8.97326155e+02]
 [ 9.20870021e-01  3.29311393e-02 -3.88476441e-01 -6.44082730e+02]
 [ 4.05400892e-02 -9.99112830e-01  1.14041124e-02  4.99920512e+02]]

[[-3.88532831e-01 -2.96880897e-02 -9.20956490e-01 -8.96679447e+02]
 [ 9.20542459e-01  3.14719762e-02 -3.89372695e-01 -6.43502794e+02]
 [ 4.05440522e-02 -9.99063628e-01  1.51012511e-02  5.00394645e+02]]

[[-3.81148215e-01 -2.57187622e-02 -9.24156147e-01 -8.97254480e+02]
 [ 9.23556866e-01  3.48807879e-02 -3.81871767e-01 -6.43458446e+02]
 [ 4.20565637e-02 -9.99060497e-01  1.04579894e-02  5.01452325e+02]]

[[-3.91362020e-01 -3.24367181e-02 -9.19664954e-01 -8.94712045e+02]
 [ 9.19368437e-01  2.96235804e-02 -3.92280666e-01 -6.42199483e+02]
 [ 3.99680661e-02 -9.99034685e-01  1.82277506e-02  5.01724095e+02]]

[[-3.85832341e-01 -2.33887195e-02 -9.22272396e-01 -8.96713217e+02]
 [ 9.21801450e-01  3.09942162e-02 -3.86421331e-01 -6.41867112e+02]
 [ 3.76230101e-02 -9.99245879e-01  9.60118455e-03  5.01689990e+02]]

[[-3.85034489e-01 -3.61409565e-02 -9.22194271e-01 -8.95448844e+02]
 [ 9.22009989e-01  2.88633248e-02 -3.86088707e-01 -6.40811597e+02]
 [ 4.05712079e-02 -9.98929797e-01  2.22089473e-02  5.01398638e+02]]

[[-3.71740738e-01 -3.42881182e-02 -9.27703157e-01 -8.98250588e+02]
 [ 9.27389103e-01  3.14216809e-02 -3.72776246e-01 -6.41713374e+02]
 [ 4.19317886e-02 -9.98917916e-01  2.01177083e-02  5.01448139e+02]]

[[-3.83094848e-01 -3.78897582e-02 -9.22931581e-01 -8.95623662e+02]
 [ 9.22770641e-01  2.93272381e-02 -3.84232036e-01 -6.40708215e+02]
 [ 4.16254931e-02 -9.98851480e-01  2.37284426e-02  5.01794299e+02]]

[[-3.83276752e-01 -3.32477662e-02 -9.23034949e-01 -8.96085109e+02]
 [ 9.22715682e-01  3.07585675e-02 -3.84252106e-01 -6.41025847e+02]
 [ 4.11667570e-02 -9.98973722e-01  1.88891915e-02  5.01880989e+02]]

[[-3.86235502e-01 -3.35555373e-02 -9.21789652e-01 -8.94860598e+02]
 [ 9.21568170e-01  2.83985973e-02 -3.87176482e-01 -6.39774226e+02]
 [ 3.91694480e-02 -9.99033306e-01  1.99551686e-02  5.01947713e+02]]

[[-3.77838904e-01 -3.27827371e-02 -9.25290795e-01 -8.96534525e+02]
 [ 9.25151972e-01  2.60199443e-02 -3.78704094e-01 -6.39247244e+02]
 [ 3.64909717e-02 -9.99123743e-01  2.04976667e-02  5.01558548e+02]]

[[-3.83649063e-01 -3.73407466e-02 -9.22723721e-01 -8.95363239e+02]
 [ 9.22746651e-01  2.42834864e-02 -3.84641300e-01 -6.37511839e+02]
 [ 3.67697423e-02 -9.99007498e-01  2.51397120e-02  5.01468311e+02]]

[[-3.70888886e-01 -4.41252819e-02 -9.27628370e-01 -8.96183345e+02]
 [ 9.28060566e-01  1.87850222e-02 -3.71955252e-01 -6.36906064e+02]
 [ 3.38381499e-02 -9.98849379e-01  3.39837781e-02  5.01664814e+02]]

[[-3.72518360e-01 -4.48625014e-02 -9.26939819e-01 -8.96368159e+02]
 [ 9.27438306e-01  1.75088731e-02 -3.73566096e-01 -6.36570083e+02]
 [ 3.29887812e-02 -9.98839725e-01  3.50848256e-02  5.01677892e+02]]

[[-3.77447278e-01 -4.30631778e-02 -9.25029251e-01 -8.95022275e+02]
 [ 9.25360800e-01  2.04599724e-02 -3.78535043e-01 -6.36974192e+02]
 [ 3.52269947e-02 -9.98862830e-01  3.21264158e-02  5.01341305e+02]]

[[-3.65192546e-01 -3.89698037e-02 -9.30115992e-01 -8.97573927e+02]
 [ 9.30377916e-01  1.91886209e-02 -3.66099346e-01 -6.37396698e+02]
 [ 3.21144628e-02 -9.99056130e-01  2.92491034e-02  5.01233920e+02]]

[[-3.77381933e-01 -3.85905362e-02 -9.25253288e-01 -8.96020655e+02]
 [ 9.25407180e-01  2.17282177e-02 -3.78350942e-01 -6.37613252e+02]
 [ 3.47048706e-02 -9.99018846e-01  2.75121225e-02  5.01193322e+02]]

[[-3.82074795e-01 -4.61307040e-02 -9.22979311e-01 -8.94643750e+02]
 [ 9.23434687e-01  1.97170679e-02 -3.83248765e-01 -6.37384464e+02]
 [ 3.58779811e-02 -9.98740805e-01  3.50652975e-02  5.01316766e+02]]

[[-3.87270065e-01 -3.90524388e-02 -9.21138862e-01 -8.94444895e+02]
 [ 9.21226589e-01  2.36237610e-02 -3.88308497e-01 -6.38490465e+02]
 [ 3.69251581e-02 -9.98957869e-01  2.68273695e-02  5.00933774e+02]]

[[-3.69345122e-01 -3.31250981e-02 -9.28701733e-01 -8.97332902e+02]
 [ 9.28708803e-01  2.22518146e-02 -3.70141615e-01 -6.37972573e+02]
 [ 3.29262761e-02 -9.99203475e-01  2.25449710e-02  5.01111369e+02]]

[[-3.74141622e-01 -4.02354260e-02 -9.26498331e-01 -8.96105668e+02]
 [ 9.26673654e-01  2.25322031e-02 -3.75190937e-01 -6.38025607e+02]
 [ 3.59720158e-02 -9.98936139e-01  2.88548742e-02  5.00403256e+02]]

[[-3.77216748e-01 -3.40196545e-02 -9.25499967e-01 -8.96894388e+02]
 [ 9.25540636e-01  2.16469083e-02 -3.78029024e-01 -6.37210420e+02]
 [ 3.28946297e-02 -9.99186707e-01  2.33209963e-02  5.00765294e+02]]

[[-3.73596067e-01 -4.14784561e-02 -9.26663648e-01 -8.96549341e+02]
 [ 9.27007699e-01  1.87422202e-02 -3.74573698e-01 -6.36960220e+02]
 [ 3.29044728e-02 -9.98963596e-01  3.14488284e-02  5.00844045e+02]]

[[-3.75101159e-01 -3.96242783e-02 -9.26136619e-01 -8.96092113e+02]
 [ 9.26403755e-01  1.93169502e-02 -3.76035820e-01 -6.37627725e+02]
 [ 3.27902830e-02 -9.99027914e-01  2.94622698e-02  5.00431885e+02]]

[[-3.86393512e-01 -3.28565315e-02 -9.21748611e-01 -8.94144114e+02]
 [ 9.21629844e-01  2.52899336e-02 -3.87245207e-01 -6.38053163e+02]
 [ 3.60344955e-02 -9.99140064e-01  2.05096937e-02  5.00387855e+02]]

[[-3.77797584e-01 -3.91411481e-02 -9.25060515e-01 -8.95612753e+02]
 [ 9.25112402e-01  2.49339463e-02 -3.78873780e-01 -6.39865114e+02]
 [ 3.78949639e-02 -9.98922554e-01  2.67899769e-02  5.00150391e+02]]

[[-3.83897167e-01 -2.90567210e-02 -9.22918562e-01 -8.95405930e+02]
 [ 9.22482993e-01  3.18749857e-02 -3.84719525e-01 -6.42332405e+02]
 [ 4.05967038e-02 -9.99069413e-01  1.45676143e-02  5.00093050e+02]]

[[-3.88558770e-01 -3.07240474e-02 -9.20911568e-01 -8.94367927e+02]
 [ 9.20387697e-01  3.44447460e-02 -3.89486902e-01 -6.44747116e+02]
 [ 4.36871791e-02 -9.98934228e-01  1.48942271e-02  4.99672214e+02]]

[[-3.89777785e-01 -1.67376272e-02 -9.20756825e-01 -8.95499201e+02]
 [ 9.19983296e-01  3.77404142e-02 -3.90136381e-01 -6.45684251e+02]
 [ 4.12797013e-02 -9.99147393e-01  6.87962423e-04  4.98981132e+02]]

[[-3.93477618e-01 -2.80792288e-02 -9.18905284e-01 -8.94946276e+02]
 [ 9.18443476e-01  3.19823486e-02 -3.94257164e-01 -6.45861215e+02]
 [ 4.04591862e-02 -9.99093933e-01  1.32048462e-02  4.97984285e+02]]

[[-3.95436924e-01 -1.46703523e-02 -9.18375969e-01 -8.95779119e+02]
 [ 9.17774430e-01  3.32358026e-02 -3.95708828e-01 -6.45895788e+02]
 [ 3.63281503e-02 -9.99339863e-01  3.21410685e-04  4.97708470e+02]]

[[-3.97753235e-01 -1.75717862e-02 -9.17324150e-01 -8.95032271e+02]
 [ 9.16795226e-01  3.13582178e-02 -3.98124574e-01 -6.45657125e+02]
 [ 3.57614104e-02 -9.99353738e-01  3.63689713e-03  4.97326294e+02]]

[[-3.89334906e-01 -1.54196265e-02 -9.20967191e-01 -8.96997892e+02]
 [ 9.20415911e-01  3.19099565e-02 -3.89636119e-01 -6.46209917e+02]
 [ 3.53960664e-02 -9.99371798e-01  1.76880967e-03  4.97225059e+02]]

[[-3.95525756e-01 -2.53590031e-02 -9.18104731e-01 -8.95576639e+02]
 [ 9.17734813e-01  2.86631154e-02 -3.96158097e-01 -6.45917286e+02]
 [ 3.63619163e-02 -9.99267405e-01  1.19358396e-02  4.96954265e+02]]

[[-3.83284515e-01 -1.64329964e-02 -9.23484129e-01 -8.98580049e+02]
 [ 9.22914598e-01  3.25398171e-02 -3.83627168e-01 -6.46657847e+02]
 [ 3.63541486e-02 -9.99335338e-01  2.69424428e-03  4.96853931e+02]]

[[-3.92525052e-01 -2.24284394e-02 -9.19467807e-01 -8.96539223e+02]
 [ 9.19073354e-01  2.85283461e-02 -3.93052546e-01 -6.45962063e+02]
 [ 3.50464510e-02 -9.99341332e-01  9.41529049e-03  4.96840358e+02]]

[[-3.81220030e-01 -1.72460471e-02 -9.24323462e-01 -8.98973610e+02]
 [ 9.23816494e-01  3.08904787e-02 -3.81587295e-01 -6.46739768e+02]
 [ 3.51336667e-02 -9.99373980e-01  4.15611354e-03  4.96784402e+02]]

[[-3.86322147e-01 -2.17503724e-02 -9.22107434e-01 -8.97564310e+02]
 [ 9.21720752e-01  2.82239672e-02 -3.86825882e-01 -6.46542290e+02]
 [ 3.44391370e-02 -9.99364963e-01  9.14422594e-03  4.96836861e+02]]

[[-3.85413196e-01 -1.88695144e-02 -9.22551142e-01 -8.97965789e+02]
 [ 9.22038804e-01  3.12073391e-02 -3.85837460e-01 -6.46657865e+02]
 [ 3.60709319e-02 -9.99334800e-01  5.37070417e-03  4.96843287e+02]]

[[-3.99718803e-01 -2.07075798e-02 -9.16403882e-01 -8.95037543e+02]
 [ 9.15952182e-01  2.96374075e-02 -4.00191484e-01 -6.45806161e+02]
 [ 3.54468324e-02 -9.99346196e-01  7.12052389e-03  4.97111321e+02]]

[[-3.88097131e-01 -2.08175788e-02 -9.21383332e-01 -8.97836822e+02]
 [ 9.20930464e-01  2.98631706e-02 -3.88581101e-01 -6.46386490e+02]
 [ 3.56047454e-02 -9.99337190e-01  7.58173161e-03  4.96828702e+02]]

[[-3.87186696e-01 -2.13187098e-02 -9.21754835e-01 -8.97820609e+02]
 [ 9.21282958e-01  3.05114422e-02 -3.87694163e-01 -6.46453037e+02]
 [ 3.63892087e-02 -9.99307042e-01  7.82693949e-03  4.96772739e+02]]

[[-3.93605439e-01 -1.21633315e-02 -9.19199006e-01 -8.97341670e+02]
 [ 9.18698481e-01  3.03397741e-02 -3.93792584e-01 -6.46169034e+02]
 [ 3.26781199e-02 -9.99465633e-01 -7.67465952e-04  4.96846118e+02]]

[[-3.87788139e-01 -2.05863164e-02 -9.21518618e-01 -8.97636282e+02]
 [ 9.21073217e-01  2.96081150e-02 -3.88262140e-01 -6.46220808e+02]
 [ 3.52773164e-02 -9.99349570e-01  7.47982887e-03  4.96904165e+02]]

[[-3.91275220e-01 -2.27209527e-02 -9.19993185e-01 -8.97371847e+02]
 [ 9.19579098e-01  2.91810914e-02 -3.91819789e-01 -6.46285941e+02]
 [ 3.57489241e-02 -9.99315877e-01  9.47587525e-03  4.96848530e+02]]

[[-3.92755499e-01 -2.19594012e-02 -9.19380717e-01 -8.96837258e+02]
 [ 9.18943430e-01  2.96133960e-02 -3.93276008e-01 -6.46176953e+02]
 [ 3.58620909e-02 -9.99320185e-01  8.54862332e-03  4.96915113e+02]]

[[-3.89225272e-01 -1.68636000e-02 -9.20988223e-01 -8.97674321e+02]
 [ 9.20459830e-01  3.13685066e-02 -3.89576332e-01 -6.46476691e+02]
 [ 3.54596846e-02 -9.99365617e-01  3.31285091e-03  4.96793379e+02]]

[[-3.89670317e-01 -1.79392880e-02 -9.20779684e-01 -8.97251284e+02]
 [ 9.20249584e-01  3.15242268e-02 -3.90060158e-01 -6.46341368e+02]
 [ 3.60242690e-02 -9.99341986e-01  4.22456686e-03  4.96925231e+02]]

[[-3.81053620e-01 -2.65119248e-02 -9.24172742e-01 -8.97923588e+02]
 [ 9.23851280e-01  2.80174330e-02 -3.81724817e-01 -6.46413801e+02]
 [ 3.60132075e-02 -9.99255794e-01  1.38169314e-02  4.96836407e+02]]

[[-3.89176463e-01 -2.48853279e-02 -9.20827020e-01 -8.97602226e+02]
 [ 9.20473809e-01  2.81617603e-02 -3.89788253e-01 -6.45978858e+02]
 [ 3.56321183e-02 -9.99293568e-01  1.19463983e-02  4.96892500e+02]]

[[-3.85145164e-01 -1.59002366e-02 -9.22719017e-01 -8.98611088e+02]
 [ 9.22166764e-01  3.20047229e-02 -3.85466156e-01 -6.46320179e+02]
 [ 3.56603696e-02 -9.99361236e-01  2.33620545e-03  4.96798870e+02]]

[[-3.92368201e-01 -2.15894612e-02 -9.19554832e-01 -8.97188583e+02]
 [ 9.19113459e-01  2.96471454e-02 -3.92875931e-01 -6.46296289e+02]
 [ 3.57441554e-02 -9.99327245e-01  8.21056723e-03  4.96731876e+02]]

[[-3.87999223e-01 -1.58539023e-02 -9.21523335e-01 -8.98262787e+02]
 [ 9.20884591e-01  3.43287902e-02 -3.88320879e-01 -6.47274945e+02]
 [ 3.77911825e-02 -9.99284838e-01  1.28007038e-03  4.96337909e+02]]

[[-3.91025699e-01 -1.11037096e-02 -9.20312778e-01 -8.97806118e+02]
 [ 9.19546307e-01  3.78311950e-02 -3.91156477e-01 -6.48316190e+02]
 [ 3.91598201e-02 -9.99222452e-01 -4.58259437e-03  4.95958730e+02]]

[[-3.98695291e-01 -1.47438862e-02 -9.16964930e-01 -8.96631213e+02]
 [ 9.16140915e-01  3.89170984e-02 -3.98962759e-01 -6.49631150e+02]
 [ 4.15678759e-02 -9.99133663e-01 -2.00858647e-03  4.95579292e+02]]

[[-3.88541006e-01 -5.30441210e-03 -9.21416165e-01 -8.98877765e+02]
 [ 9.20387557e-01  4.53516591e-02 -3.88368346e-01 -6.52356869e+02]
 [ 4.38478175e-02 -9.98957001e-01 -1.27388644e-02  4.95293581e+02]]

[[-3.93832551e-01  7.95826175e-04 -9.19181858e-01 -8.99952929e+02]
 [ 9.17747268e-01  5.61952429e-02 -3.93169233e-01 -6.55480716e+02]
 [ 5.13407534e-02 -9.98419482e-01 -2.28618832e-02  4.93804154e+02]]

[[-3.94134177e-01  1.03964564e-02 -9.18994105e-01 -9.00095793e+02]
 [ 9.17277831e-01  6.65676775e-02 -3.92645037e-01 -6.57680329e+02]
 [ 5.70931861e-02 -9.97727747e-01 -3.57730357e-02  4.91646058e+02]]

[[-3.91566935e-01  2.05866671e-02 -9.19919303e-01 -9.01896858e+02]
 [ 9.17979071e-01  7.73687070e-02 -3.89009652e-01 -6.60219017e+02]
 [ 6.31645548e-02 -9.96789984e-01 -4.91931570e-02  4.88214188e+02]]

[[-3.76590317e-01  7.20430676e-03 -9.26351894e-01 -9.03864211e+02]
 [ 9.24549008e-01  6.57612598e-02 -3.75345959e-01 -6.56495130e+02]
 [ 5.82139601e-02 -9.97809378e-01 -3.14257883e-02  4.91242145e+02]]

[[-3.80480697e-01  5.81192176e-03 -9.24770599e-01 -9.02089385e+02]
 [ 9.23250939e-01  6.00335380e-02 -3.79478166e-01 -6.53524232e+02]
 [ 5.33117535e-02 -9.98179441e-01 -2.82074646e-02  4.92476671e+02]]

[[-3.78272843e-01  1.20789576e-02 -9.25615339e-01 -9.03297214e+02]
 [ 9.24352220e-01  5.87497065e-02 -3.76989979e-01 -6.52484679e+02]
 [ 4.98259835e-02 -9.98199665e-01 -3.33886298e-02  4.92492118e+02]]

[[-3.74720157e-01 -6.35842018e-03 -9.27116160e-01 -9.02361029e+02]
 [ 9.25982627e-01  4.73391914e-02 -3.74586673e-01 -6.50113930e+02]
 [ 4.62707088e-02 -9.98858634e-01 -1.18511626e-02  4.93727528e+02]]

[[-3.73433677e-01 -2.54428608e-03 -9.27653392e-01 -9.02926517e+02]
 [ 9.26705911e-01  4.42448783e-02 -3.73173612e-01 -6.49044487e+02]
 [ 4.19933719e-02 -9.99017476e-01 -1.41647226e-02  4.95623062e+02]]

[[-3.87580694e-01 -1.95710787e-02 -9.21628004e-01 -8.98006594e+02]
 [ 9.21032936e-01  3.34954556e-02 -3.88041732e-01 -6.45931541e+02]
 [ 3.84647452e-02 -9.99247230e-01  5.04341611e-03  4.98255556e+02]]

[[-3.82719683e-01 -1.34388082e-02 -9.23766769e-01 -8.98637155e+02]
 [ 9.23214765e-01  3.19307872e-02 -3.82955510e-01 -6.45836338e+02]
 [ 3.46430657e-02 -9.99399731e-01  1.86365394e-04  4.98953524e+02]]

[[-3.90105503e-01 -2.20207752e-02 -9.20506807e-01 -8.96442344e+02]
 [ 9.20142905e-01  2.75715286e-02 -3.90610862e-01 -6.44992604e+02]
 [ 3.39813337e-02 -9.99377254e-01  9.50645505e-03  4.98996942e+02]]

[[-3.86749065e-01 -1.89633799e-02 -9.21989995e-01 -8.97547314e+02]
 [ 9.21543200e-01  2.93463405e-02 -3.87165239e-01 -6.45992517e+02]
 [ 3.43989938e-02 -9.99389405e-01  6.12590404e-03  4.98271662e+02]]

[[-3.83836944e-01 -1.77123289e-02 -9.23230997e-01 -8.98243265e+02]
 [ 9.22704113e-01  3.14762406e-02 -3.84221767e-01 -6.45400810e+02]
 [ 3.58653032e-02 -9.99347547e-01  4.26149469e-03  4.98297608e+02]]

[[-3.72913100e-01 -1.56316664e-02 -9.27734591e-01 -9.00077134e+02]
 [ 9.27202458e-01  3.15363866e-02 -3.73230570e-01 -6.45841177e+02]
 [ 3.50916125e-02 -9.99380362e-01  2.73338781e-03  4.98418404e+02]]

[[-3.82134003e-01 -2.12785881e-02 -9.23861908e-01 -8.97719431e+02]
 [ 9.23409470e-01  3.00417382e-02 -3.82638791e-01 -6.44936850e+02]
 [ 3.58964308e-02 -9.99322128e-01  8.16888008e-03  4.98965538e+02]]

[[-3.80979356e-01 -1.65389075e-02 -9.24435609e-01 -8.97966571e+02]
 [ 9.23948627e-01  3.02370314e-02 -3.81319626e-01 -6.45616075e+02]
 [ 3.42587986e-02 -9.99405917e-01  3.76141609e-03  4.98919541e+02]]

[[-3.83310721e-01 -2.00145554e-02 -9.23402572e-01 -8.97987265e+02]
 [ 9.22924224e-01  3.04836376e-02 -3.83772882e-01 -6.45180527e+02]
 [ 3.58297129e-02 -9.99334862e-01  6.78721295e-03  4.98919765e+02]]

[[-3.85656028e-01 -1.88753642e-02 -9.22449537e-01 -8.97671442e+02]
 [ 9.21952474e-01  3.07796401e-02 -3.86078036e-01 -6.44945976e+02]
 [ 3.56800283e-02 -9.99347955e-01  5.53183497e-03  4.98859254e+02]]

[[-3.76943865e-01 -1.95955643e-02 -9.26028799e-01 -8.98355216e+02]
 [ 9.25461216e-01  3.29190702e-02 -3.77409424e-01 -6.44370330e+02]
 [ 3.78795577e-02 -9.99265905e-01  5.72629320e-03  4.99478330e+02]]

[[-3.78565649e-01 -2.74984969e-02 -9.25165867e-01 -8.97259361e+02]
 [ 9.24721425e-01  3.16671895e-02 -3.79325026e-01 -6.43773850e+02]
 [ 3.97282708e-02 -9.99120124e-01  1.34403391e-02  4.99966362e+02]]

[[-3.78852847e-01 -2.52897395e-02 -9.25111317e-01 -8.96997980e+02]
 [ 9.24443157e-01  3.64347364e-02 -3.79575236e-01 -6.43559511e+02]
 [ 4.33055458e-02 -9.99015985e-01  9.57552302e-03  5.00383504e+02]]

[[-3.66029868e-01 -2.96788992e-02 -9.30129721e-01 -8.98654701e+02]
 [ 9.29614725e-01  3.43919278e-02 -3.66924594e-01 -6.42819727e+02]
 [ 4.28788723e-02 -9.98967646e-01  1.50014689e-02  5.01398026e+02]]

[[-3.69368030e-01 -2.60811131e-02 -9.28917130e-01 -8.97242918e+02]
 [ 9.28336477e-01  3.47536132e-02 -3.70112918e-01 -6.41235431e+02]
 [ 4.19361834e-02 -9.99055535e-01  1.13751750e-02  5.01994146e+02]]

[[-3.73347504e-01 -3.74194111e-02 -9.26936583e-01 -8.95346555e+02]
 [ 9.26804261e-01  2.86460453e-02 -3.74450618e-01 -6.39177867e+02]
 [ 4.05647890e-02 -9.98888979e-01  2.39855401e-02  5.02451123e+02]]

[[-3.74108807e-01 -3.96537515e-02 -9.26536659e-01 -8.95274247e+02]
 [ 9.26460231e-01  2.86214386e-02 -3.75302883e-01 -6.38466065e+02]
 [ 4.14009793e-02 -9.98803481e-01  2.60300915e-02  5.02563748e+02]]

[[-3.64973156e-01 -3.77954071e-02 -9.30250559e-01 -8.96380023e+02]
 [ 9.30315929e-01  2.39919312e-02 -3.65973578e-01 -6.35931996e+02]
 [ 3.61506278e-02 -9.98997445e-01  2.64052585e-02  5.02578304e+02]]

[[-3.67388186e-01 -4.28875388e-02 -9.29078350e-01 -8.95916413e+02]
 [ 9.29488385e-01  1.83214767e-02 -3.68396072e-01 -6.33627361e+02]
 [ 3.28216882e-02 -9.98911899e-01  3.31323751e-02  5.02352540e+02]]

[[-3.50957249e-01 -4.86683611e-02 -9.35125874e-01 -8.96780601e+02]
 [ 9.35899460e-01  1.41381883e-02 -3.51983397e-01 -6.31929128e+02]
 [ 3.03514408e-02 -9.98714925e-01  4.05867932e-02  5.02194315e+02]]

[[-3.50150238e-01 -5.36048068e-02 -9.35158455e-01 -8.96975154e+02]
 [ 9.36352939e-01  6.89023069e-03 -3.50992447e-01 -6.29825866e+02]
 [ 2.52583398e-02 -9.98538457e-01  4.77804025e-02  5.02186952e+02]]

[[-3.59471186e-01 -5.42500707e-02 -9.31577907e-01 -8.95392400e+02]
 [ 9.32772601e-01  7.73158022e-03 -3.60382433e-01 -6.29910046e+02]
 [ 2.67533418e-02 -9.98497447e-01  4.78236993e-02  5.02121034e+02]]

[[-3.57977794e-01 -4.41386023e-02 -9.32686272e-01 -8.96416484e+02]
 [ 9.33396972e-01  9.76394700e-03 -3.58712641e-01 -6.29419012e+02]
 [ 2.49397739e-02 -9.98977702e-01  3.77035615e-02  5.01569436e+02]]

[[-3.52962549e-01 -3.40653450e-02 -9.35017107e-01 -8.97818739e+02]
 [ 9.35195296e-01  1.78742973e-02 -3.53681026e-01 -6.32297227e+02]
 [ 2.87610399e-02 -9.99259757e-01  2.55487928e-02  5.00916111e+02]]

[[-3.46117985e-01 -2.98946599e-02 -9.37714589e-01 -8.99007552e+02]
 [ 9.37623768e-01  2.37284008e-02 -3.46840932e-01 -6.34868305e+02]
 [ 3.26191593e-02 -9.99271371e-01  1.98171174e-02  5.00915183e+02]]

[[-3.59249192e-01 -2.85638989e-02 -9.32804439e-01 -8.97646585e+02]
 [ 9.32463651e-01  2.98191265e-02 -3.60031052e-01 -6.38353689e+02]
 [ 3.80993041e-02 -9.99147098e-01  1.59223003e-02  5.00545064e+02]]

[[-3.65138405e-01 -3.36960843e-02 -9.30343227e-01 -8.95905663e+02]
 [ 9.29945513e-01  3.32839572e-02 -3.66187822e-01 -6.40032929e+02]
 [ 4.33045999e-02 -9.98877746e-01  1.91822714e-02  5.00482644e+02]]

[[-3.68297192e-01 -2.53823048e-02 -9.29361564e-01 -8.95901143e+02]
 [ 9.28677986e-01  3.70002264e-02 -3.69036830e-01 -6.40659318e+02]
 [ 4.37535935e-02 -9.98992854e-01  9.94490823e-03  5.00237671e+02]]

[[-3.66154787e-01 -2.33743567e-02 -9.30260346e-01 -8.96714962e+02]
 [ 9.29544997e-01  3.73526812e-02 -3.66811771e-01 -6.41415700e+02]
 [ 4.33217074e-02 -9.99028737e-01  8.05065332e-03  5.00116737e+02]]

[[-3.58767457e-01 -1.24061747e-02 -9.33344523e-01 -8.98362123e+02]
 [ 9.32453029e-01  4.09022688e-02 -3.58968456e-01 -6.41497558e+02]
 [ 4.26293339e-02 -9.99086128e-01 -3.10622779e-03  4.99944773e+02]]

[[-3.65198188e-01 -2.15797514e-02 -9.30679643e-01 -8.97364311e+02]
 [ 9.29892927e-01  3.87154154e-02 -3.65787179e-01 -6.41471097e+02]
 [ 4.39252454e-02 -9.99017233e-01  5.92805866e-03  4.99829069e+02]]

[[-3.65664179e-01 -1.68620174e-02 -9.30594101e-01 -8.96810088e+02]
 [ 9.29712299e-01  4.05113250e-02 -3.66051737e-01 -6.41024861e+02]
 [ 4.38719708e-02 -9.99036789e-01  8.63284552e-04  5.00120814e+02]]

[[-3.68299265e-01 -2.33828566e-02 -9.29413198e-01 -8.95926585e+02]
 [ 9.28651450e-01  3.83775465e-02 -3.68962937e-01 -6.41349775e+02]
 [ 4.42960057e-02 -9.98989693e-01  7.58010156e-03  4.99730941e+02]]

[[-3.54385123e-01 -8.13264016e-03 -9.35064193e-01 -8.99663349e+02]
 [ 9.34133719e-01  4.23580912e-02 -3.54400884e-01 -6.40872884e+02]
 [ 4.24897492e-02 -9.99069393e-01 -7.41410398e-03  4.99679182e+02]]

[[-3.57238492e-01 -2.18046982e-02 -9.33758649e-01 -8.97886887e+02]
 [ 9.33107055e-01  3.56947546e-02 -3.57822732e-01 -6.40878615e+02]
 [ 4.11325026e-02 -9.99124837e-01  7.59457745e-03  4.99401425e+02]]

[[-3.62918546e-01 -1.12498147e-02 -9.31752956e-01 -8.97891557e+02]
 [ 9.30744862e-01  4.36631202e-02 -3.63053073e-01 -6.41552620e+02]
 [ 4.47675211e-02 -9.98982970e-01 -5.37544883e-03  4.99504768e+02]]

[[-3.60017154e-01 -2.63708717e-02 -9.32572906e-01 -8.97399362e+02]
 [ 9.31751515e-01  4.03966877e-02 -3.60842378e-01 -6.42788839e+02]
 [ 4.71885845e-02 -9.98835665e-01  1.00275991e-02  4.99513886e+02]]

[[-3.57284098e-01 -7.48420414e-03 -9.33965770e-01 -8.98959342e+02]
 [ 9.32788878e-01  4.79590386e-02 -3.57218197e-01 -6.43753390e+02]
 [ 4.74655943e-02 -9.98821264e-01 -1.01538195e-02  4.99462005e+02]]

[[-3.58885664e-01 -1.65159939e-02 -9.33235395e-01 -8.98484429e+02]
 [ 9.32227901e-01  4.33528501e-02 -3.59265461e-01 -6.44069576e+02]
 [ 4.63920404e-02 -9.98923297e-01 -1.62046065e-04  4.99334872e+02]]

[[-3.68198376e-01 -1.62716121e-03 -9.29745830e-01 -8.98546288e+02]
 [ 9.28530693e-01  5.04959769e-02 -3.67805531e-01 -6.44123926e+02]
 [ 4.75469029e-02 -9.98722939e-01 -1.70816676e-02  4.99327082e+02]]

[[-3.64457384e-01 -1.35080182e-02 -9.31122091e-01 -8.97586946e+02]
 [ 9.30128754e-01  4.31133810e-02 -3.64694031e-01 -6.43894579e+02]
 [ 4.50701151e-02 -9.98978864e-01 -3.14879389e-03  4.99342496e+02]]

[[-3.69868850e-01 -1.25896636e-02 -9.28998673e-01 -8.96894878e+02]
 [ 9.27957608e-01  4.42157651e-02 -3.70053569e-01 -6.43890209e+02]
 [ 4.57352370e-02 -9.98942674e-01 -4.67136006e-03  4.99239178e+02]]

[[-3.66230056e-01 -1.90474971e-02 -9.30329371e-01 -8.97251443e+02]
 [ 9.29376558e-01  4.21553864e-02 -3.66718062e-01 -6.44226656e+02]
 [ 4.62034554e-02 -9.98929485e-01  2.26372778e-03  4.99079242e+02]]

[[-3.69361565e-01 -6.30585811e-03 -9.29264370e-01 -8.98078760e+02]
 [ 9.28246561e-01  4.47744498e-02 -3.69260842e-01 -6.44418669e+02]
 [ 4.39358074e-02 -9.98977219e-01 -1.06845697e-02  4.98967553e+02]]

[[-3.83608026e-01 -1.39702486e-02 -9.23390337e-01 -8.94786042e+02]
 [ 9.22458754e-01  4.15806219e-02 -3.83850100e-01 -6.43666013e+02]
 [ 4.37576258e-02 -9.99037479e-01 -3.06368216e-03  4.98628167e+02]]

[[-3.76542561e-01 -9.45775977e-03 -9.26351041e-01 -8.97033856e+02]
 [ 9.25353159e-01  4.36684902e-02 -3.76582785e-01 -6.44384782e+02]
 [ 4.40139808e-02 -9.99001308e-01 -7.69127723e-03  4.98450421e+02]]

[[-3.63512367e-01 -1.02979192e-02 -9.31532453e-01 -8.99231358e+02]
 [ 9.30553646e-01  4.31248868e-02 -3.63607145e-01 -6.45097398e+02]
 [ 4.39166286e-02 -9.99016615e-01 -6.09366347e-03  4.98271944e+02]]

[[-3.76750641e-01 -9.29538680e-03 -9.26268077e-01 -8.97150814e+02]
 [ 9.25366248e-01  4.14623709e-02 -3.76799918e-01 -6.44845041e+02]
 [ 4.19077716e-02 -9.99096826e-01 -7.01933762e-03  4.98126494e+02]]

[[-3.75015075e-01 -6.06001594e-03 -9.26998905e-01 -8.97890557e+02]
 [ 9.26092817e-01  4.22330884e-02 -3.74924608e-01 -6.45281031e+02]
 [ 4.14220758e-02 -9.99089407e-01 -1.02259076e-02  4.97885316e+02]]

[[-3.74352236e-01 -5.63474295e-03 -9.27269461e-01 -8.98122816e+02]
 [ 9.26332521e-01  4.30774247e-02 -3.74235748e-01 -6.45802688e+02]
 [ 4.20531027e-02 -9.99055847e-01 -1.09064846e-02  4.97466606e+02]]

[[-3.76627414e-01 -5.64963623e-03 -9.26347598e-01 -8.98176937e+02]
 [ 9.25370932e-01  4.40149545e-02 -3.76498768e-01 -6.46420080e+02]
 [ 4.29002285e-02 -9.99014897e-01 -1.13492294e-02  4.96894751e+02]]

[[-3.69933743e-01 -5.96647323e-03 -9.29038980e-01 -8.99831776e+02]
 [ 9.28034650e-01  4.45521155e-02 -3.69819952e-01 -6.48111642e+02]
 [ 4.35971728e-02 -9.98989244e-01 -1.09442369e-02  4.96168168e+02]]

[[-3.71516417e-01 -7.26091563e-03 -9.28397992e-01 -8.99401133e+02]
 [ 9.27115813e-01  5.02121055e-02 -3.71396033e-01 -6.49347865e+02]
 [ 4.93134931e-02 -9.98712183e-01 -1.19229118e-02  4.94593205e+02]]

[[-3.70159947e-01  9.36463539e-03 -9.28920835e-01 -9.00767391e+02]
 [ 9.27739142e-01  5.51434679e-02 -3.69133150e-01 -6.50030422e+02]
 [ 4.77671189e-02 -9.98434525e-01 -2.90998420e-02  4.93875543e+02]]

[[-3.65069583e-01  7.34656422e-03 -9.30951249e-01 -9.02398073e+02]
 [ 9.29818723e-01  5.28125654e-02 -3.64208698e-01 -6.49866166e+02]
 [ 4.64902411e-02 -9.98577419e-01 -2.61112342e-02  4.93345226e+02]]

[[-3.63391652e-01  7.06767098e-03 -9.31609658e-01 -9.03147879e+02]
 [ 9.30342688e-01  5.54345208e-02 -3.62476892e-01 -6.50522169e+02]
 [ 4.90814676e-02 -9.98437310e-01 -2.67197981e-02  4.91450000e+02]]

[[-3.66038481e-01  4.72043689e-03 -9.30587743e-01 -9.02649612e+02]
 [ 9.29293779e-01  5.48127119e-02 -3.65251473e-01 -6.50603961e+02]
 [ 4.92838913e-02 -9.98485495e-01 -2.44502344e-02  4.90459472e+02]]

[[-3.64151618e-01  7.53276526e-03 -9.31309217e-01 -9.04211300e+02]
 [ 9.30037145e-01  5.58087737e-02 -3.63202823e-01 -6.51078690e+02]
 [ 4.92393037e-02 -9.98413060e-01 -2.73286067e-02  4.90415456e+02]]

[[-3.61604973e-01  8.70280474e-03 -9.32290783e-01 -9.03425409e+02]
 [ 9.31163198e-01  5.34131015e-02 -3.60669016e-01 -6.49660132e+02]
 [ 4.66577102e-02 -9.98534577e-01 -2.74181746e-02  4.92754705e+02]]

[[-3.57802246e-01 -1.40691494e-03 -9.33796323e-01 -9.03095851e+02]
 [ 9.32673781e-01  4.85030689e-02 -3.57445200e-01 -6.48987630e+02]
 [ 4.57948824e-02 -9.98822043e-01 -1.60423143e-02  4.94836237e+02]]

[[-3.62888246e-01 -3.07133763e-03 -9.31827606e-01 -9.01188510e+02]
 [ 9.30993113e-01  4.12444953e-02 -3.62699206e-01 -6.46699520e+02]
 [ 3.95467311e-02 -9.99144363e-01 -1.21077484e-02  4.97563156e+02]]

[[-3.74879604e-01 -9.43460301e-03 -9.27025496e-01 -8.97828328e+02]
 [ 9.26319604e-01  3.65065088e-02 -3.74965686e-01 -6.45659216e+02]
 [ 3.73801169e-02 -9.99288879e-01 -4.94608784e-03  4.97813484e+02]]

[[-3.66702397e-01 -1.23091316e-02 -9.30256866e-01 -8.98904494e+02]
 [ 9.29480331e-01  3.80857789e-02 -3.66900241e-01 -6.46044474e+02]
 [ 3.99457807e-02 -9.99198658e-01 -2.52505074e-03  4.97166262e+02]]

[[-3.80001409e-01 -8.56942883e-03 -9.24946212e-01 -8.97125995e+02]
 [ 9.24128761e-01  3.95211326e-02 -3.80031725e-01 -6.45869032e+02]
 [ 3.98115767e-02 -9.99181988e-01 -7.09883041e-03  4.96820033e+02]]

[[-3.87933027e-01 -8.91776588e-03 -9.21644422e-01 -8.96675646e+02]
 [ 9.20858003e-01  3.86659172e-02 -3.87976141e-01 -6.45541206e+02]
 [ 3.90961073e-02 -9.99212400e-01 -6.78779021e-03  4.96868031e+02]]

[[-3.73030857e-01 -9.89793818e-03 -9.27766140e-01 -8.99382272e+02]
 [ 9.27033731e-01  3.71538806e-02 -3.73132753e-01 -6.46448703e+02]
 [ 3.81633573e-02 -9.99260537e-01 -4.68382140e-03  4.97308698e+02]]

[[-3.80364277e-01 -8.13625356e-03 -9.24800961e-01 -8.97833926e+02]
 [ 9.23984504e-01  3.95757249e-02 -3.80376654e-01 -6.47402139e+02]
 [ 3.96945094e-02 -9.99183448e-01 -7.53541979e-03  4.97339670e+02]]

[[-3.84793663e-01 -9.91629901e-03 -9.22949351e-01 -8.97336549e+02]
 [ 9.22066995e-01  4.08822540e-02 -3.84865039e-01 -6.48211667e+02]
 [ 4.15486866e-02 -9.99114762e-01 -6.58774024e-03  4.97039253e+02]]

[[-3.71384427e-01  2.99105548e-03 -9.28474373e-01 -8.99695308e+02]
 [ 9.27676195e-01  4.27758391e-02 -3.70927359e-01 -6.48877008e+02]
 [ 3.86068061e-02 -9.99080218e-01 -1.86610115e-02  4.96985272e+02]]

[[-3.74763514e-01 -9.12969429e-04 -9.27119989e-01 -8.99348425e+02]
 [ 9.26212498e-01  4.38768334e-02 -3.74439892e-01 -6.48561180e+02]
 [ 4.10209415e-02 -9.99036531e-01 -1.55978326e-02  4.96724227e+02]]

[[-3.78856679e-01 -3.04268489e-03 -9.25450354e-01 -8.99371888e+02]
 [ 9.24658443e-01  4.02458225e-02 -3.78664810e-01 -6.48211249e+02]
 [ 3.83976684e-02 -9.99185176e-01 -1.24339544e-02  4.96907396e+02]]

[[-3.84214574e-01 -2.74527173e-04 -9.23243784e-01 -8.97783161e+02]
 [ 9.22436113e-01  4.17064418e-02 -3.83890857e-01 -6.47794473e+02]
 [ 3.86106017e-02 -9.99129870e-01 -1.57709890e-02  4.96968753e+02]]

[[-3.82181209e-01 -6.66502385e-03 -9.24063364e-01 -8.97736482e+02]
 [ 9.23237879e-01  4.01141667e-02 -3.82129131e-01 -6.48213943e+02]
 [ 3.96149316e-02 -9.99172873e-01 -9.17747825e-03  4.97037846e+02]]

[[-3.85158329e-01  2.99295013e-04 -9.22850460e-01 -8.97730222e+02]
 [ 9.22021759e-01  4.24952941e-02 -3.84798683e-01 -6.48006935e+02]
 [ 3.91016334e-02 -9.99096622e-01 -1.66433730e-02  4.97271591e+02]]

[[-3.87427658e-01 -4.00198323e-03 -9.21891422e-01 -8.96969438e+02]
 [ 9.21103549e-01  3.98804412e-02 -3.87269675e-01 -6.46653029e+02]
 [ 3.83152834e-02 -9.99196444e-01 -1.17645450e-02  4.97412807e+02]]

[[-3.82860453e-01 -3.05717505e-03 -9.23801130e-01 -8.98116335e+02]
 [ 9.23104620e-01  3.76989567e-02 -3.82696550e-01 -6.45727671e+02]
 [ 3.59963092e-02 -9.99284465e-01 -1.16113472e-02  4.97471087e+02]]

[[-3.79328169e-01 -7.79330616e-03 -9.25229379e-01 -8.98332311e+02]
 [ 9.24519400e-01  3.68680321e-02 -3.79347634e-01 -6.45511355e+02]
 [ 3.70677587e-02 -9.99289754e-01 -6.78002040e-03  4.97460954e+02]]

[[-3.78414396e-01 -8.55482437e-03 -9.25596759e-01 -8.97932745e+02]
 [ 9.24901625e-01  3.63377302e-02 -3.78466053e-01 -6.45387683e+02]
 [ 3.68717959e-02 -9.99302949e-01 -5.83834925e-03  4.97737353e+02]]

[[-3.72216572e-01 -9.67080332e-03 -9.28095523e-01 -8.98888013e+02]
 [ 9.27274344e-01  3.94495412e-02 -3.72298301e-01 -6.45389015e+02]
 [ 4.02133662e-02 -9.99174764e-01 -5.71628521e-03  4.97943547e+02]]

[[-3.73797902e-01 -1.78454094e-02 -9.27338487e-01 -8.97408025e+02]
 [ 9.26572974e-01  3.77501066e-02 -3.74215784e-01 -6.44824755e+02]
 [ 4.16851606e-02 -9.99127855e-01  2.42416346e-03  4.97868838e+02]]

[[-3.58843095e-01 -1.20064127e-03 -9.33397124e-01 -9.01466467e+02]
 [ 9.32473043e-01  4.40440031e-02 -3.58544488e-01 -6.45645898e+02]
 [ 4.15410292e-02 -9.99028871e-01 -1.46853208e-02  4.98239163e+02]]

[[-3.70380552e-01 -8.30211284e-03 -9.28843002e-01 -8.98261001e+02]
 [ 9.27810316e-01  4.46713678e-02 -3.70368042e-01 -6.44791662e+02]
 [ 4.45675246e-02 -9.98967239e-01 -8.84261993e-03  4.98466896e+02]]

[[-3.69534647e-01 -6.93836844e-03 -9.29191048e-01 -8.98120612e+02]
 [ 9.28145460e-01  4.52519004e-02 -3.69456723e-01 -6.44617609e+02]
 [ 4.46110876e-02 -9.98951513e-01 -1.02823299e-02  4.98525717e+02]]

[[-3.61104468e-01 -1.53913249e-02 -9.32398343e-01 -8.99157793e+02]
 [ 9.31451370e-01  4.20204319e-02 -3.61431360e-01 -6.44098624e+02]
 [ 4.47426885e-02 -9.98998193e-01 -8.37495056e-04  4.98917618e+02]]

